kernel line : count latency dram_traffic smem_bk_conflicts smem_warp gmem_access_generated gmem_warp exposed_latency warp_divergence
_2.ptx 36 : 317440 2315360 0 0 0 0 0 0 0 
_2.ptx 37 : 317440 2327616 0 0 0 0 0 0 0 
_2.ptx 38 : 317440 3731744 0 9920 9920 0 0 0 0 
_2.ptx 39 : 317440 2363872 0 0 0 0 0 0 0 
_2.ptx 40 : 317440 3613472 0 9920 9920 0 0 0 0 
_2.ptx 41 : 317440 3820416 0 0 0 0 0 0 0 
_2.ptx 42 : 317440 3412320 0 0 0 0 0 0 0 
_2.ptx 43 : 317440 3592416 0 0 0 0 0 0 0 
_2.ptx 44 : 317440 5618592 0 0 0 0 0 0 0 
_2.ptx 45 : 317440 3390368 0 0 0 0 0 0 0 
_2.ptx 46 : 317440 5322144 0 0 0 0 0 0 0 
_2.ptx 47 : 317440 2570016 0 0 0 0 0 0 0 
_2.ptx 48 : 317440 5030624 0 0 0 0 0 0 0 
_2.ptx 49 : 317440 5561152 0 0 0 0 0 0 0 
_2.ptx 50 : 317440 5266208 0 0 0 0 0 0 0 
_2.ptx 51 : 317440 4912832 0 0 0 0 0 0 0 
_2.ptx 52 : 317440 2625824 0 0 0 0 0 0 0 
_2.ptx 53 : 317440 2656736 0 0 0 0 0 0 0 
_2.ptx 54 : 317440 3850528 0 0 0 0 0 0 0 
_2.ptx 55 : 317440 4583712 0 0 0 0 0 0 0 
_2.ptx 56 : 317440 3923168 0 0 0 0 0 0 0 
_2.ptx 57 : 317440 3764128 0 0 0 0 0 0 0 
_2.ptx 58 : 317440 2959616 0 0 0 0 0 0 0 
_2.ptx 59 : 317440 2990336 0 0 0 0 0 0 0 
_2.ptx 60 : 317440 3907584 0 0 0 0 0 0 0 
_2.ptx 61 : 317440 3733152 0 0 0 0 0 0 0 
_2.ptx 62 : 317440 3909632 0 0 0 0 0 0 0 
_2.ptx 63 : 317440 2884640 0 0 0 0 0 0 0 
_2.ptx 64 : 317440 3672832 0 0 0 0 0 0 0 
_2.ptx 65 : 317440 2818848 0 0 0 0 0 0 0 
_2.ptx 66 : 317440 2826944 0 0 0 0 0 0 0 
_2.ptx 67 : 317440 3698208 0 0 0 0 0 0 0 
_2.ptx 68 : 317440 83483040 0 0 0 19840 9920 0 0 
_2.ptx 69 : 317440 143403424 0 0 0 19840 9920 0 0 
_2.ptx 70 : 317440 10029824 0 9920 9920 0 0 0 0 
_2.ptx 71 : 317440 11241888 0 9920 9920 0 0 0 0 
_2.ptx 72 : 317440 2041696 0 0 0 0 0 0 0 
_2.ptx 73 : 317440 2438816 0 0 0 0 0 0 0 
_2.ptx 74 : 317440 3918176 0 9920 9920 0 0 0 0 
_2.ptx 75 : 317440 3315776 0 0 0 0 0 0 0 
_2.ptx 76 : 317440 3427456 0 9920 9920 0 0 0 0 
_2.ptx 77 : 317440 4209024 0 0 0 0 0 0 0 
_2.ptx 78 : 317440 4206816 0 0 0 0 0 0 0 
_2.ptx 79 : 317440 4377248 0 9920 9920 0 0 0 0 
_2.ptx 80 : 317440 3450688 0 0 0 0 0 0 0 
_2.ptx 81 : 317440 4209856 0 0 0 0 0 0 0 
_2.ptx 82 : 317440 4109984 0 9920 9920 0 0 0 0 
_2.ptx 83 : 317440 4212192 0 0 0 0 0 0 0 
_2.ptx 84 : 317440 4304576 0 9920 9920 0 0 0 0 
_2.ptx 85 : 317440 3434560 0 0 0 0 0 0 0 
_2.ptx 86 : 317440 4201280 0 0 0 0 0 0 0 
_2.ptx 87 : 317440 4372736 0 9920 9920 0 0 0 0 
_2.ptx 88 : 317440 4204736 0 0 0 0 0 0 0 
_2.ptx 89 : 317440 4247744 0 9920 9920 0 0 0 0 
_2.ptx 90 : 317440 3424064 0 0 0 0 0 0 0 
_2.ptx 91 : 317440 4213696 0 0 0 0 0 0 0 
_2.ptx 92 : 317440 3944544 0 9920 9920 0 0 0 0 
_2.ptx 93 : 317440 4216384 0 0 0 0 0 0 0 
_2.ptx 94 : 317440 3879776 0 9920 9920 0 0 0 0 
_2.ptx 95 : 317440 3444896 0 0 0 0 0 0 0 
_2.ptx 96 : 317440 4215584 0 0 0 0 0 0 0 
_2.ptx 97 : 317440 4117312 0 9920 9920 0 0 0 0 
_2.ptx 98 : 317440 4222176 0 0 0 0 0 0 0 
_2.ptx 99 : 317440 4212384 0 9920 9920 0 0 0 0 
_2.ptx 100 : 317440 3453472 0 0 0 0 0 0 0 
_2.ptx 101 : 317440 4232608 0 0 0 0 0 0 0 
_2.ptx 102 : 317440 4240800 0 9920 9920 0 0 0 0 
_2.ptx 103 : 317440 4244544 0 0 0 0 0 0 0 
_2.ptx 104 : 317440 4227904 0 9920 9920 0 0 0 0 
_2.ptx 105 : 317440 3470752 0 0 0 0 0 0 0 
_2.ptx 106 : 317440 3763904 0 0 0 0 0 0 0 
_2.ptx 107 : 317440 4288512 0 0 0 0 0 0 0 
_2.ptx 108 : 317440 4328864 0 9920 9920 0 0 0 0 
_2.ptx 109 : 317440 3739872 0 0 0 0 0 0 0 
_2.ptx 110 : 317440 4329920 0 0 0 0 0 0 0 
_2.ptx 111 : 317440 2707104 0 0 0 0 0 0 0 
_2.ptx 112 : 317440 4634336 0 9920 9920 0 0 0 0 
_2.ptx 113 : 317440 3502464 0 0 0 0 0 0 0 
_2.ptx 114 : 317440 3494528 0 0 0 0 0 0 0 
_2.ptx 115 : 317440 4296352 0 0 0 0 0 0 0 
_2.ptx 116 : 317440 5115264 0 9920 9920 0 0 0 0 
_2.ptx 117 : 317440 3479744 0 0 0 0 0 0 0 
_2.ptx 118 : 317440 4249216 0 0 0 0 0 0 0 
_2.ptx 119 : 317440 102895904 215040 0 0 19840 9920 0 0 
_2.ptx 120 : 317440 3567328 0 0 0 0 0 0 0 
_2.ptx 121 : 317440 7641376 0 0 0 19840 9920 0 0 
_2.ptx 123 : 317440 2042368 0 0 0 0 0 0 0 
_2.ptx 140 : 3840 26880 0 0 0 0 0 0 0 
_2.ptx 141 : 3840 26880 0 0 0 0 0 0 0 
_2.ptx 142 : 3840 26880 0 0 0 0 0 0 0 
_2.ptx 143 : 3840 23040 0 0 0 0 0 0 0 
_2.ptx 144 : 3840 34560 0 0 0 0 0 0 0 
_2.ptx 145 : 3840 11520 0 0 0 0 0 0 120 
_2.ptx 146 : 1920 13440 0 120 120 0 0 0 0 
_2.ptx 147 : 1920 13440 0 120 120 0 0 0 0 
_2.ptx 148 : 1920 21120 0 0 0 0 0 0 0 
_2.ptx 149 : 1920 24960 0 0 0 0 0 0 0 
_2.ptx 150 : 1920 13440 0 0 0 0 0 0 0 
_2.ptx 151 : 1920 24960 0 0 0 0 0 0 0 
_2.ptx 152 : 1920 19200 0 0 0 0 0 0 0 
_2.ptx 153 : 1920 19200 0 0 0 0 0 0 0 
_2.ptx 154 : 1920 13440 0 0 0 0 0 0 0 
_2.ptx 155 : 1920 19200 0 0 0 0 0 0 0 
_2.ptx 156 : 1920 13440 0 0 0 0 0 0 0 
_2.ptx 157 : 1920 19200 0 0 0 0 0 0 0 
_2.ptx 158 : 1920 21120 0 0 0 0 0 0 0 
_2.ptx 159 : 1920 21120 0 0 0 0 0 0 0 
_2.ptx 160 : 1920 21120 0 0 0 0 0 0 0 
_2.ptx 161 : 1920 21120 0 0 0 0 0 0 0 
_2.ptx 162 : 1920 13440 0 0 0 0 0 0 0 
_2.ptx 163 : 1920 13440 0 0 0 0 0 0 0 
_2.ptx 164 : 1920 13440 0 0 0 0 0 0 0 
_2.ptx 165 : 1920 13440 0 0 0 0 0 0 0 
_2.ptx 166 : 1920 19200 0 0 0 0 0 0 0 
_2.ptx 167 : 1920 283760 0 0 0 120 120 0 0 
_2.ptx 168 : 1920 19200 0 0 0 0 0 0 0 
_2.ptx 169 : 1920 286368 0 0 0 120 120 0 0 
_2.ptx 170 : 1920 19200 0 0 0 0 0 0 0 
_2.ptx 171 : 1920 287712 0 0 0 120 120 0 0 
_2.ptx 172 : 1920 19200 0 0 0 0 0 0 0 
_2.ptx 173 : 1920 286080 0 0 0 120 120 0 0 
_2.ptx 174 : 1920 9600 0 120 120 0 0 0 0 
_2.ptx 175 : 1920 19200 0 0 0 0 0 0 0 
_2.ptx 176 : 1920 9600 0 120 120 0 0 0 0 
_2.ptx 177 : 1920 19200 0 0 0 0 0 0 0 
_2.ptx 178 : 1920 9600 0 120 120 0 0 0 0 
_2.ptx 179 : 1920 19200 0 0 0 0 0 0 0 
_2.ptx 180 : 1920 9600 0 120 120 0 0 0 0 
_2.ptx 181 : 1920 19200 0 0 0 0 0 0 0 
_2.ptx 182 : 1920 21120 0 0 0 0 0 0 0 
_2.ptx 183 : 1920 21120 0 0 0 0 0 0 0 
_2.ptx 184 : 1920 21120 0 0 0 0 0 0 0 
_2.ptx 185 : 1920 21120 0 0 0 0 0 0 0 
_2.ptx 186 : 1920 13440 0 0 0 0 0 0 0 
_2.ptx 187 : 1920 13440 0 0 0 0 0 0 0 
_2.ptx 188 : 1920 13440 0 0 0 0 0 0 0 
_2.ptx 189 : 1920 13440 0 0 0 0 0 0 0 
_2.ptx 190 : 1920 19200 0 0 0 0 0 0 0 
_2.ptx 191 : 1920 301248 0 0 0 120 120 0 0 
_2.ptx 192 : 1920 19200 0 0 0 0 0 0 0 
_2.ptx 193 : 1920 287808 0 0 0 120 120 0 0 
_2.ptx 194 : 1920 19200 0 0 0 0 0 0 0 
_2.ptx 195 : 1920 287136 0 0 0 120 120 0 0 
_2.ptx 196 : 1920 19200 0 0 0 0 0 0 0 
_2.ptx 197 : 1920 329568 0 0 0 120 120 0 0 
_2.ptx 198 : 1920 9600 0 120 120 0 0 0 0 
_2.ptx 199 : 1920 9600 0 120 120 0 0 0 0 
_2.ptx 200 : 1920 9600 0 120 120 0 0 0 0 
_2.ptx 201 : 1920 9600 0 120 120 0 0 0 0 
_2.ptx 202 : 1920 21120 0 0 0 0 0 0 0 
_2.ptx 203 : 1920 21120 0 0 0 0 0 0 0 
_2.ptx 204 : 1920 21120 0 0 0 0 0 0 0 
_2.ptx 205 : 1920 21120 0 0 0 0 0 0 0 
_2.ptx 206 : 1920 21120 0 0 0 0 0 0 0 
_2.ptx 207 : 1920 21120 0 0 0 0 0 0 0 
_2.ptx 208 : 1920 21120 0 0 0 0 0 0 0 
_2.ptx 209 : 1920 21120 0 0 0 0 0 0 0 
_2.ptx 210 : 1920 13440 0 0 0 0 0 0 0 
_2.ptx 211 : 1920 13440 0 0 0 0 0 0 0 
_2.ptx 212 : 1920 13440 0 0 0 0 0 0 0 
_2.ptx 213 : 1920 13440 0 0 0 0 0 0 0 
_2.ptx 214 : 1920 19200 0 0 0 0 0 0 0 
_2.ptx 215 : 1920 19200 0 0 0 0 0 0 0 
_2.ptx 216 : 1920 19200 0 0 0 0 0 0 0 
_2.ptx 217 : 1920 19200 0 0 0 0 0 0 0 
_2.ptx 218 : 1920 19200 0 0 0 0 0 0 0 
_2.ptx 219 : 1920 295328 896 0 0 120 120 0 0 
_2.ptx 220 : 1920 19200 0 0 0 0 0 0 0 
_2.ptx 221 : 1920 295296 896 0 0 120 120 0 0 
_2.ptx 222 : 1920 19200 0 0 0 0 0 0 0 
_2.ptx 223 : 1920 295232 896 0 0 120 120 0 0 
_2.ptx 224 : 1920 19200 0 0 0 0 0 0 0 
_2.ptx 225 : 1920 294240 896 0 0 120 120 0 0 
_2.ptx 226 : 1920 9600 0 120 120 0 0 0 0 
_2.ptx 227 : 1920 9600 0 120 120 0 0 0 0 
_2.ptx 228 : 1920 9600 0 120 120 0 0 0 0 
_2.ptx 229 : 1920 9600 0 120 120 0 0 0 0 
_2.ptx 230 : 1920 21120 0 0 0 0 0 0 0 
_2.ptx 231 : 1920 21120 0 0 0 0 0 0 0 
_2.ptx 232 : 1920 21120 0 0 0 0 0 0 0 
_2.ptx 233 : 1920 21120 0 0 0 0 0 0 0 
_2.ptx 234 : 1920 21120 0 0 0 0 0 0 0 
_2.ptx 235 : 1920 21120 0 0 0 0 0 0 0 
_2.ptx 236 : 1920 21120 0 0 0 0 0 0 0 
_2.ptx 237 : 1920 21120 0 0 0 0 0 0 0 
_2.ptx 238 : 1920 13440 0 0 0 0 0 0 0 
_2.ptx 239 : 1920 13440 0 0 0 0 0 0 0 
_2.ptx 240 : 1920 13440 0 0 0 0 0 0 0 
_2.ptx 241 : 1920 13440 0 0 0 0 0 0 0 
_2.ptx 242 : 1920 19200 0 0 0 0 0 0 0 
_2.ptx 243 : 1920 19200 0 0 0 0 0 0 0 
_2.ptx 244 : 1920 19200 0 0 0 0 0 0 0 
_2.ptx 245 : 1920 19200 0 0 0 0 0 0 0 
_2.ptx 246 : 1920 19200 0 0 0 0 0 0 0 
_2.ptx 247 : 1920 293696 896 0 0 120 120 0 0 
_2.ptx 248 : 1920 19200 0 0 0 0 0 0 0 
_2.ptx 249 : 1920 295136 896 0 0 120 120 0 0 
_2.ptx 250 : 1920 19200 0 0 0 0 0 0 0 
_2.ptx 251 : 1920 293456 896 0 0 120 120 0 0 
_2.ptx 252 : 1920 19200 0 0 0 0 0 0 0 
_2.ptx 253 : 1920 293488 896 0 0 120 120 0 0 
_2.ptx 254 : 1920 9600 0 120 120 0 0 0 0 
_2.ptx 255 : 1920 19200 0 0 0 0 0 0 0 
_2.ptx 256 : 1920 9600 0 120 120 0 0 0 0 
_2.ptx 257 : 1920 19200 0 0 0 0 0 0 0 
_2.ptx 258 : 1920 9600 0 120 120 0 0 0 0 
_2.ptx 259 : 1920 19200 0 0 0 0 0 0 0 
_2.ptx 260 : 1920 9600 0 120 120 0 0 0 0 
_2.ptx 261 : 1920 19200 0 0 0 0 0 0 0 
_2.ptx 262 : 1920 21120 0 0 0 0 0 0 0 
_2.ptx 263 : 1920 21120 0 0 0 0 0 0 0 
_2.ptx 264 : 1920 21120 0 0 0 0 0 0 0 
_2.ptx 265 : 1920 21120 0 0 0 0 0 0 0 
_2.ptx 266 : 1920 21120 0 0 0 0 0 0 0 
_2.ptx 267 : 1920 21120 0 0 0 0 0 0 0 
_2.ptx 268 : 1920 21120 0 0 0 0 0 0 0 
_2.ptx 269 : 1920 21120 0 0 0 0 0 0 0 
_2.ptx 270 : 1920 13440 0 0 0 0 0 0 0 
_2.ptx 271 : 1920 13440 0 0 0 0 0 0 0 
_2.ptx 272 : 1920 13440 0 0 0 0 0 0 0 
_2.ptx 273 : 1920 13440 0 0 0 0 0 0 0 
_2.ptx 274 : 1920 19200 0 0 0 0 0 0 0 
_2.ptx 275 : 1920 19200 0 0 0 0 0 0 0 
_2.ptx 276 : 1920 19200 0 0 0 0 0 0 0 
_2.ptx 277 : 1920 19200 0 0 0 0 0 0 0 
_2.ptx 278 : 1920 19200 0 0 0 0 0 0 0 
_2.ptx 279 : 1920 312000 896 0 0 120 120 0 0 
_2.ptx 280 : 1920 19200 0 0 0 0 0 0 0 
_2.ptx 281 : 1920 312416 896 0 0 120 120 0 0 
_2.ptx 282 : 1920 19200 0 0 0 0 0 0 0 
_2.ptx 283 : 1920 312032 896 0 0 120 120 0 0 
_2.ptx 284 : 1920 19200 0 0 0 0 0 0 0 
_2.ptx 285 : 1920 312352 896 0 0 120 120 0 0 
_2.ptx 286 : 1920 9600 0 120 120 0 0 0 0 
_2.ptx 287 : 1920 19200 0 0 0 0 0 0 0 
_2.ptx 288 : 1920 9600 0 120 120 0 0 0 0 
_2.ptx 289 : 1920 19200 0 0 0 0 0 0 0 
_2.ptx 290 : 1920 9600 0 120 120 0 0 0 0 
_2.ptx 291 : 1920 19200 0 0 0 0 0 0 0 
_2.ptx 292 : 1920 9600 0 120 120 0 0 0 0 
_2.ptx 293 : 1920 19200 0 0 0 0 0 0 0 
_2.ptx 294 : 1920 21120 0 0 0 0 0 0 0 
_2.ptx 295 : 1920 21120 0 0 0 0 0 0 0 
_2.ptx 296 : 1920 21120 0 0 0 0 0 0 0 
_2.ptx 297 : 1920 21120 0 0 0 0 0 0 0 
_2.ptx 298 : 1920 21120 0 0 0 0 0 0 0 
_2.ptx 299 : 1920 21120 0 0 0 0 0 0 0 
_2.ptx 300 : 1920 21120 0 0 0 0 0 0 0 
_2.ptx 301 : 1920 21120 0 0 0 0 0 0 0 
_2.ptx 302 : 1920 13440 0 0 0 0 0 0 0 
_2.ptx 303 : 1920 13440 0 0 0 0 0 0 0 
_2.ptx 304 : 1920 13440 0 0 0 0 0 0 0 
_2.ptx 305 : 1920 13440 0 0 0 0 0 0 0 
_2.ptx 306 : 1920 19200 0 0 0 0 0 0 0 
_2.ptx 307 : 1920 19200 0 0 0 0 0 0 0 
_2.ptx 308 : 1920 19200 0 0 0 0 0 0 0 
_2.ptx 309 : 1920 19200 0 0 0 0 0 0 0 
_2.ptx 310 : 1920 19200 0 0 0 0 0 0 0 
_2.ptx 311 : 1920 312032 896 0 0 120 120 0 0 
_2.ptx 312 : 1920 19200 0 0 0 0 0 0 0 
_2.ptx 313 : 1920 312032 896 0 0 120 120 0 0 
_2.ptx 314 : 1920 19200 0 0 0 0 0 0 0 
_2.ptx 315 : 1920 312032 896 0 0 120 120 0 0 
_2.ptx 316 : 1920 19200 0 0 0 0 0 0 0 
_2.ptx 317 : 1920 312352 896 0 0 120 120 0 0 
_2.ptx 318 : 1920 9600 0 120 120 0 0 0 0 
_2.ptx 319 : 1920 9600 0 120 120 0 0 0 0 
_2.ptx 320 : 1920 9600 0 120 120 0 0 0 0 
_2.ptx 321 : 1920 9600 0 120 120 0 0 0 0 
_2.ptx 322 : 1920 11520 0 0 0 0 0 0 0 
_2.ptx 323 : 1920 17280 0 0 0 0 0 0 0 
_2.ptx 324 : 1920 13440 0 120 120 0 0 0 0 
_2.ptx 325 : 1920 21120 0 0 0 0 0 0 0 
_2.ptx 326 : 1920 24960 0 0 0 0 0 0 0 
_2.ptx 327 : 1920 13440 0 0 0 0 0 0 0 
_2.ptx 328 : 1920 24960 0 0 0 0 0 0 0 
_2.ptx 329 : 1920 19200 0 0 0 0 0 0 0 
_2.ptx 330 : 1920 19200 0 0 0 0 0 0 0 
_2.ptx 331 : 1920 19200 0 0 0 0 0 0 0 
_2.ptx 332 : 1920 13440 0 0 0 0 0 0 0 
_2.ptx 333 : 1920 19200 0 0 0 0 0 0 0 
_2.ptx 334 : 1920 21120 0 0 0 0 0 0 0 
_2.ptx 335 : 1920 21120 0 0 0 0 0 0 0 
_2.ptx 336 : 1920 21120 0 0 0 0 0 0 0 
_2.ptx 337 : 1920 21120 0 0 0 0 0 0 0 
_2.ptx 338 : 1920 13440 0 0 0 0 0 0 0 
_2.ptx 339 : 1920 13440 0 0 0 0 0 0 0 
_2.ptx 340 : 1920 13440 0 0 0 0 0 0 0 
_2.ptx 341 : 1920 13440 0 0 0 0 0 0 0 
_2.ptx 342 : 1920 19200 0 0 0 0 0 0 0 
_2.ptx 343 : 1920 19200 0 0 0 0 0 0 0 
_2.ptx 344 : 1920 19200 0 0 0 0 0 0 0 
_2.ptx 345 : 1920 19200 0 0 0 0 0 0 0 
_2.ptx 346 : 1920 19200 0 0 0 0 0 0 0 
_2.ptx 347 : 1920 278816 0 0 0 120 120 0 0 
_2.ptx 348 : 1920 19200 0 0 0 0 0 0 0 
_2.ptx 349 : 1920 269136 0 0 0 120 120 0 0 
_2.ptx 350 : 1920 19200 0 0 0 0 0 0 0 
_2.ptx 351 : 1920 268224 0 0 0 120 120 0 0 
_2.ptx 352 : 1920 19200 0 0 0 0 0 0 0 
_2.ptx 353 : 1920 294304 0 0 0 120 120 0 0 
_2.ptx 354 : 1920 9600 0 120 120 0 0 0 0 
_2.ptx 355 : 1920 9600 0 120 120 0 0 0 0 
_2.ptx 356 : 1920 19200 0 0 0 0 0 0 0 
_2.ptx 357 : 1920 9600 0 120 120 0 0 0 0 
_2.ptx 358 : 1920 19200 0 0 0 0 0 0 0 
_2.ptx 359 : 1920 19200 0 0 0 0 0 0 0 
_2.ptx 360 : 1920 9600 0 120 120 0 0 0 0 
_2.ptx 361 : 1920 13440 0 120 120 0 0 0 0 
_2.ptx 362 : 1920 19200 0 0 0 0 0 0 0 
_2.ptx 363 : 1920 19200 0 0 0 0 0 0 0 
_2.ptx 364 : 1920 19200 0 0 0 0 0 0 0 
_2.ptx 365 : 1920 21120 0 0 0 0 0 0 0 
_2.ptx 366 : 1920 21120 0 0 0 0 0 0 0 
_2.ptx 367 : 1920 21120 0 0 0 0 0 0 0 
_2.ptx 368 : 1920 21120 0 0 0 0 0 0 0 
_2.ptx 369 : 1920 13440 0 0 0 0 0 0 0 
_2.ptx 370 : 1920 13440 0 0 0 0 0 0 0 
_2.ptx 371 : 1920 13440 0 0 0 0 0 0 0 
_2.ptx 372 : 1920 13440 0 0 0 0 0 0 0 
_2.ptx 373 : 1920 19200 0 0 0 0 0 0 0 
_2.ptx 374 : 1920 19200 0 0 0 0 0 0 0 
_2.ptx 375 : 1920 19200 0 0 0 0 0 0 0 
_2.ptx 376 : 1920 19200 0 0 0 0 0 0 0 
_2.ptx 377 : 1920 19200 0 0 0 0 0 0 0 
_2.ptx 378 : 1920 268768 0 0 0 120 120 0 0 
_2.ptx 379 : 1920 19200 0 0 0 0 0 0 0 
_2.ptx 380 : 1920 270400 0 0 0 120 120 0 0 
_2.ptx 381 : 1920 19200 0 0 0 0 0 0 0 
_2.ptx 382 : 1920 274272 0 0 0 120 120 0 0 
_2.ptx 383 : 1920 19200 0 0 0 0 0 0 0 
_2.ptx 384 : 1920 267520 0 0 0 120 120 0 0 
_2.ptx 385 : 1920 21120 0 0 0 0 0 0 0 
_2.ptx 386 : 1920 24960 0 0 0 0 0 0 0 
_2.ptx 387 : 1920 13440 0 0 0 0 0 0 0 
_2.ptx 388 : 1920 24960 0 0 0 0 0 0 0 
_2.ptx 389 : 1920 10656 0 120 120 0 0 0 0 
_2.ptx 390 : 1920 19200 0 0 0 0 0 0 0 
_2.ptx 391 : 1920 9600 0 120 120 0 0 0 0 
_2.ptx 392 : 1920 19200 0 0 0 0 0 0 0 
_2.ptx 393 : 1920 9600 0 120 120 0 0 0 0 
_2.ptx 394 : 1920 19200 0 0 0 0 0 0 0 
_2.ptx 395 : 1920 9600 0 120 120 0 0 0 0 
_2.ptx 396 : 1920 19200 0 0 0 0 0 0 0 
_2.ptx 397 : 1920 21120 0 0 0 0 0 0 0 
_2.ptx 398 : 1920 21120 0 0 0 0 0 0 0 
_2.ptx 399 : 1920 21120 0 0 0 0 0 0 0 
_2.ptx 400 : 1920 21120 0 0 0 0 0 0 0 
_2.ptx 401 : 1920 13440 0 0 0 0 0 0 0 
_2.ptx 402 : 1920 13440 0 0 0 0 0 0 0 
_2.ptx 403 : 1920 13440 0 0 0 0 0 0 0 
_2.ptx 404 : 1920 13440 0 0 0 0 0 0 0 
_2.ptx 405 : 1920 19200 0 0 0 0 0 0 0 
_2.ptx 406 : 1920 19200 0 0 0 0 0 0 0 
_2.ptx 407 : 1920 19200 0 0 0 0 0 0 0 
_2.ptx 408 : 1920 19200 0 0 0 0 0 0 0 
_2.ptx 409 : 1920 19200 0 0 0 0 0 0 0 
_2.ptx 410 : 1920 328384 1920 0 0 120 120 0 0 
_2.ptx 411 : 1920 19200 0 0 0 0 0 0 0 
_2.ptx 412 : 1920 328032 1920 0 0 120 120 0 0 
_2.ptx 413 : 1920 19200 0 0 0 0 0 0 0 
_2.ptx 414 : 1920 326192 1920 0 0 120 120 0 0 
_2.ptx 415 : 1920 19200 0 0 0 0 0 0 0 
_2.ptx 416 : 1920 324768 1920 0 0 120 120 0 0 
_2.ptx 417 : 1920 9600 0 120 120 0 0 0 0 
_2.ptx 418 : 1920 19200 0 0 0 0 0 0 0 
_2.ptx 419 : 1920 9600 0 120 120 0 0 0 0 
_2.ptx 420 : 1920 19200 0 0 0 0 0 0 0 
_2.ptx 421 : 1920 9600 0 120 120 0 0 0 0 
_2.ptx 422 : 1920 19200 0 0 0 0 0 0 0 
_2.ptx 423 : 1920 9600 0 120 120 0 0 0 0 
_2.ptx 424 : 1920 19200 0 0 0 0 0 0 0 
_2.ptx 425 : 1920 21120 0 0 0 0 0 0 0 
_2.ptx 426 : 1920 21120 0 0 0 0 0 0 0 
_2.ptx 427 : 1920 21120 0 0 0 0 0 0 0 
_2.ptx 428 : 1920 21120 0 0 0 0 0 0 0 
_2.ptx 429 : 1920 13440 0 0 0 0 0 0 0 
_2.ptx 430 : 1920 13440 0 0 0 0 0 0 0 
_2.ptx 431 : 1920 13440 0 0 0 0 0 0 0 
_2.ptx 432 : 1920 13440 0 0 0 0 0 0 0 
_2.ptx 433 : 1920 19200 0 0 0 0 0 0 0 
_2.ptx 434 : 1920 19200 0 0 0 0 0 0 0 
_2.ptx 435 : 1920 19200 0 0 0 0 0 0 0 
_2.ptx 436 : 1920 19200 0 0 0 0 0 0 0 
_2.ptx 437 : 1920 19200 0 0 0 0 0 0 0 
_2.ptx 438 : 1920 317312 1920 0 0 120 120 0 0 
_2.ptx 439 : 1920 19200 0 0 0 0 0 0 0 
_2.ptx 440 : 1920 317680 1920 0 0 120 120 0 0 
_2.ptx 441 : 1920 19200 0 0 0 0 0 0 0 
_2.ptx 442 : 1920 317616 1920 0 0 120 120 0 0 
_2.ptx 443 : 1920 19200 0 0 0 0 0 0 0 
_2.ptx 444 : 1920 317152 1920 0 0 120 120 0 0 
_2.ptx 445 : 1920 9600 0 120 120 0 0 0 0 
_2.ptx 446 : 1920 19200 0 0 0 0 0 0 0 
_2.ptx 447 : 1920 9600 0 120 120 0 0 0 0 
_2.ptx 448 : 1920 19200 0 0 0 0 0 0 0 
_2.ptx 449 : 1920 9600 0 120 120 0 0 0 0 
_2.ptx 450 : 1920 19200 0 0 0 0 0 0 0 
_2.ptx 451 : 1920 9600 0 120 120 0 0 0 0 
_2.ptx 452 : 1920 19200 0 0 0 0 0 0 0 
_2.ptx 453 : 1920 21120 0 0 0 0 0 0 0 
_2.ptx 454 : 1920 21120 0 0 0 0 0 0 0 
_2.ptx 455 : 1920 21120 0 0 0 0 0 0 0 
_2.ptx 456 : 1920 21120 0 0 0 0 0 0 0 
_2.ptx 457 : 1920 13440 0 0 0 0 0 0 0 
_2.ptx 458 : 1920 13440 0 0 0 0 0 0 0 
_2.ptx 459 : 1920 13440 0 0 0 0 0 0 0 
_2.ptx 460 : 1920 13440 0 0 0 0 0 0 0 
_2.ptx 461 : 1920 19200 0 0 0 0 0 0 0 
_2.ptx 462 : 1920 19200 0 0 0 0 0 0 0 
_2.ptx 463 : 1920 19200 0 0 0 0 0 0 0 
_2.ptx 464 : 1920 19200 0 0 0 0 0 0 0 
_2.ptx 465 : 1920 19200 0 0 0 0 0 0 0 
_2.ptx 466 : 1920 319504 1920 0 0 120 120 0 0 
_2.ptx 467 : 1920 19200 0 0 0 0 0 0 0 
_2.ptx 468 : 1920 320128 1920 0 0 120 120 0 0 
_2.ptx 469 : 1920 19200 0 0 0 0 0 0 0 
_2.ptx 470 : 1920 319888 1920 0 0 120 120 0 0 
_2.ptx 471 : 1920 19200 0 0 0 0 0 0 0 
_2.ptx 472 : 1920 319152 1920 0 0 120 120 0 0 
_2.ptx 473 : 1920 9600 0 120 120 0 0 0 0 
_2.ptx 474 : 1920 19200 0 0 0 0 0 0 0 
_2.ptx 475 : 1920 9632 0 120 120 0 0 0 0 
_2.ptx 476 : 1920 19200 0 0 0 0 0 0 0 
_2.ptx 477 : 1920 9600 0 120 120 0 0 0 0 
_2.ptx 478 : 1920 19200 0 0 0 0 0 0 0 
_2.ptx 479 : 1920 9600 0 120 120 0 0 0 0 
_2.ptx 480 : 1920 19200 0 0 0 0 0 0 0 
_2.ptx 481 : 1920 21120 0 0 0 0 0 0 0 
_2.ptx 482 : 1920 21120 0 0 0 0 0 0 0 
_2.ptx 483 : 1920 21120 0 0 0 0 0 0 0 
_2.ptx 484 : 1920 21120 0 0 0 0 0 0 0 
_2.ptx 485 : 1920 13440 0 0 0 0 0 0 0 
_2.ptx 486 : 1920 13440 0 0 0 0 0 0 0 
_2.ptx 487 : 1920 13440 0 0 0 0 0 0 0 
_2.ptx 488 : 1920 13440 0 0 0 0 0 0 0 
_2.ptx 489 : 1920 19200 0 0 0 0 0 0 0 
_2.ptx 490 : 1920 19200 0 0 0 0 0 0 0 
_2.ptx 491 : 1920 19200 0 0 0 0 0 0 0 
_2.ptx 492 : 1920 19200 0 0 0 0 0 0 0 
_2.ptx 493 : 1920 19200 0 0 0 0 0 0 0 
_2.ptx 494 : 1920 322736 1920 0 0 120 120 0 0 
_2.ptx 495 : 1920 19200 0 0 0 0 0 0 0 
_2.ptx 496 : 1920 316352 1920 0 0 120 120 0 0 
_2.ptx 497 : 1920 19200 0 0 0 0 0 0 0 
_2.ptx 498 : 1920 315984 1920 0 0 120 120 0 0 
_2.ptx 499 : 1920 19200 0 0 0 0 0 0 0 
_2.ptx 500 : 1920 315024 1920 0 0 120 120 0 0 
_2.ptx 501 : 1920 9600 0 120 120 0 0 0 0 
_2.ptx 502 : 1920 9600 0 120 120 0 0 0 0 
_2.ptx 503 : 1920 9600 0 120 120 0 0 0 0 
_2.ptx 504 : 1920 9600 0 120 120 0 0 0 0 
_2.ptx 505 : 3840 23040 0 0 0 0 0 0 0 
_2.ptx 506 : 3840 23040 0 0 0 0 0 0 0 
_2.ptx 507 : 3840 23040 0 0 0 0 0 0 0 
_2.ptx 508 : 3840 11520 0 0 0 0 0 0 120 
_2.ptx 509 : 1920 11520 0 0 0 0 0 0 0 
_2.ptx 510 : 28800 230400 0 0 0 0 0 0 0 
_2.ptx 511 : 28800 0 0 0 0 0 0 0 0 
_2.ptx 512 : 28800 201600 0 0 0 0 0 0 0 
_2.ptx 513 : 28800 201600 0 0 0 0 0 0 0 
_2.ptx 514 : 28800 201600 0 0 0 0 0 0 0 
_2.ptx 515 : 28800 316800 0 0 0 0 0 0 0 
_2.ptx 516 : 28800 288000 0 0 0 0 0 0 0 
_2.ptx 517 : 28800 288000 0 0 0 0 0 0 0 
_2.ptx 518 : 28800 201600 0 0 0 0 0 0 0 
_2.ptx 519 : 28800 201600 0 0 0 0 0 0 0 
_2.ptx 520 : 28800 201600 0 0 0 0 0 0 0 
_2.ptx 521 : 28800 201600 0 0 0 0 0 0 0 
_2.ptx 522 : 28800 230400 0 1800 1800 0 0 0 0 
_2.ptx 523 : 230400 1843200 0 14400 14400 0 0 0 0 
_2.ptx 524 : 230400 2304000 0 0 0 0 0 0 0 
_2.ptx 525 : 230400 2995200 0 0 0 0 0 0 0 
_2.ptx 526 : 230400 1843200 0 0 0 0 0 0 0 
_2.ptx 527 : 230400 1152000 0 14400 14400 0 0 0 0 
_2.ptx 528 : 230400 1209600 0 0 0 0 0 0 0 
_2.ptx 529 : 28800 288000 0 0 0 0 0 0 0 
_2.ptx 530 : 28800 201600 0 0 0 0 0 0 0 
_2.ptx 531 : 28800 161280 0 0 0 0 0 0 0 
_2.ptx 532 : 1920 11520 0 0 0 0 0 0 0 
_2.ptx 533 : 1920 11520 0 0 0 0 0 0 0 
_2.ptx 534 : 1920 13440 0 0 0 0 0 0 0 
_2.ptx 535 : 1920 13440 0 0 0 0 0 0 0 
_2.ptx 536 : 1920 13440 0 0 0 0 0 0 0 
_2.ptx 537 : 1920 13440 0 0 0 0 0 0 0 
_2.ptx 538 : 1920 13440 0 0 0 0 0 0 0 
_2.ptx 539 : 30720 245760 0 0 0 0 0 0 0 
_2.ptx 540 : 30720 11520 0 0 0 0 0 0 0 
_2.ptx 541 : 28800 316800 0 0 0 0 0 0 0 
_2.ptx 542 : 28800 201600 0 0 0 0 0 0 0 
_2.ptx 543 : 28800 288000 0 0 0 0 0 0 0 
_2.ptx 544 : 28800 288000 0 0 0 0 0 0 0 
_2.ptx 545 : 28800 288000 0 0 0 0 0 0 0 
_2.ptx 546 : 28800 288000 0 0 0 0 0 0 0 
_2.ptx 547 : 28800 201600 0 0 0 0 0 0 0 
_2.ptx 548 : 28800 201600 0 0 0 0 0 0 0 
_2.ptx 549 : 28800 201600 0 0 0 0 0 0 0 
_2.ptx 550 : 28800 432000 0 14400 1800 0 0 0 0 
_2.ptx 551 : 28800 201600 0 0 0 0 0 0 0 
_2.ptx 552 : 230400 1612800 0 0 0 0 0 0 0 
_2.ptx 553 : 230400 2304000 0 0 0 0 0 0 0 
_2.ptx 554 : 230400 1612800 0 0 0 0 0 0 0 
_2.ptx 555 : 230400 3456000 0 115200 14400 0 0 0 0 
_2.ptx 556 : 230400 1612800 0 0 0 0 0 0 0 
_2.ptx 557 : 230400 2304000 0 0 0 0 0 0 0 
_2.ptx 558 : 230400 2995200 0 0 0 0 0 0 0 
_2.ptx 559 : 230400 1612800 0 0 0 0 0 0 0 
_2.ptx 560 : 230400 2764800 0 115200 14400 0 0 0 0 
_2.ptx 561 : 230400 2304000 0 0 0 0 0 0 0 
_2.ptx 562 : 230400 1843200 0 0 0 0 0 0 0 
_2.ptx 563 : 230400 2304000 0 0 0 0 0 0 0 
_2.ptx 564 : 230400 2304000 0 0 0 0 0 0 0 
_2.ptx 565 : 230400 1209600 0 0 0 0 0 0 0 
_2.ptx 566 : 28800 172800 0 0 0 0 0 0 0 
_2.ptx 567 : 1920 21120 0 0 0 0 0 0 0 
_2.ptx 568 : 1920 13440 0 0 0 0 0 0 0 
_2.ptx 569 : 1920 19200 0 0 0 0 0 0 0 
_2.ptx 570 : 1920 19200 0 0 0 0 0 0 0 
_2.ptx 571 : 1920 13440 0 0 0 0 0 0 0 
_2.ptx 572 : 1920 28800 0 960 120 0 0 0 0 
_2.ptx 573 : 30720 215040 0 0 0 0 0 0 0 
_2.ptx 574 : 30720 245760 0 1920 1920 0 0 0 0 
_2.ptx 575 : 30720 215040 0 0 0 0 0 0 0 
_2.ptx 576 : 30720 430080 0 0 0 0 0 0 0 
_2.ptx 577 : 30720 307200 0 0 0 0 0 0 0 
_2.ptx 578 : 30720 337920 0 0 0 0 0 0 0 
_2.ptx 579 : 30720 307200 0 0 0 0 0 0 0 
_2.ptx 580 : 30720 215040 0 0 0 0 0 0 0 
_2.ptx 581 : 30720 215040 0 0 0 0 0 0 0 
_2.ptx 582 : 30720 370432 0 15360 1920 0 0 0 0 
_2.ptx 583 : 30720 307200 0 0 0 0 0 0 0 
_2.ptx 584 : 30720 215040 0 0 0 0 0 0 0 
_2.ptx 585 : 30720 172800 0 0 0 0 0 0 0 
_2.ptx 586 : 3840 23040 0 0 0 0 0 0 0 
_2.ptx 587 : 3840 23040 0 0 0 0 0 0 0 
_2.ptx 588 : 3840 11520 0 0 0 0 0 0 120 
_2.ptx 589 : 1920 17280 0 0 0 0 0 0 0 
_2.ptx 590 : 1920 13440 0 120 120 0 0 0 0 
_2.ptx 591 : 1920 21120 0 0 0 0 0 0 0 
_2.ptx 592 : 1920 24960 0 0 0 0 0 0 0 
_2.ptx 593 : 1920 13440 0 0 0 0 0 0 0 
_2.ptx 594 : 1920 24960 0 0 0 0 0 0 0 
_2.ptx 595 : 1920 19200 0 0 0 0 0 0 0 
_2.ptx 596 : 1920 13440 0 0 0 0 0 0 0 
_2.ptx 597 : 1920 21120 0 0 0 0 0 0 0 
_2.ptx 598 : 1920 21120 0 0 0 0 0 0 0 
_2.ptx 599 : 1920 19200 0 0 0 0 0 0 0 
_2.ptx 600 : 1920 13440 0 0 0 0 0 0 0 
_2.ptx 601 : 1920 13440 0 0 0 0 0 0 0 
_2.ptx 602 : 1920 21120 0 0 0 0 0 0 0 
_2.ptx 603 : 1920 19200 0 0 0 0 0 0 0 
_2.ptx 604 : 1920 15360 0 120 120 0 0 0 0 
_2.ptx 605 : 1920 21120 0 0 0 0 0 0 0 
_2.ptx 606 : 1920 19200 0 0 0 0 0 0 0 
_2.ptx 607 : 1920 19200 0 0 0 0 0 0 0 
_2.ptx 608 : 1920 13440 0 0 0 0 0 0 0 
_2.ptx 609 : 1920 21120 0 0 0 0 0 0 0 
_2.ptx 610 : 1920 9600 0 0 0 120 120 0 0 
_2.ptx 611 : 1920 19200 0 0 0 0 0 0 0 
_2.ptx 612 : 1920 19200 0 0 0 0 0 0 0 
_2.ptx 613 : 1920 21120 0 0 0 0 0 0 0 
_2.ptx 614 : 1920 19200 0 0 0 0 0 0 0 
_2.ptx 615 : 1920 15360 0 120 120 0 0 0 0 
_2.ptx 616 : 1920 19200 0 0 0 0 0 0 0 
_2.ptx 617 : 1920 13440 0 0 0 0 0 0 0 
_2.ptx 618 : 1920 21120 0 0 0 0 0 0 0 
_2.ptx 619 : 1920 9600 0 0 0 120 120 0 0 
_2.ptx 620 : 1920 19200 0 0 0 0 0 0 0 
_2.ptx 621 : 1920 21120 0 0 0 0 0 0 0 
_2.ptx 622 : 1920 19200 0 0 0 0 0 0 0 
_2.ptx 623 : 1920 15360 0 120 120 0 0 0 0 
_2.ptx 624 : 1920 19200 0 0 0 0 0 0 0 
_2.ptx 625 : 1920 13440 0 0 0 0 0 0 0 
_2.ptx 626 : 1920 21120 0 0 0 0 0 0 0 
_2.ptx 627 : 1920 19200 0 0 0 0 0 0 0 
_2.ptx 628 : 1920 9600 0 0 0 120 120 0 0 
_2.ptx 629 : 1920 19200 0 0 0 0 0 0 0 
_2.ptx 630 : 1920 21120 0 0 0 0 0 0 0 
_2.ptx 631 : 1920 15360 0 120 120 0 0 0 0 
_2.ptx 632 : 1920 19200 0 0 0 0 0 0 0 
_2.ptx 633 : 1920 19200 0 0 0 0 0 0 0 
_2.ptx 634 : 1920 13440 0 0 0 0 0 0 0 
_2.ptx 635 : 1920 21120 0 0 0 0 0 0 0 
_2.ptx 636 : 1920 9600 0 0 0 120 120 0 0 
_2.ptx 637 : 1920 19200 0 0 0 0 0 0 0 
_2.ptx 638 : 1920 15360 0 120 120 0 0 0 0 
_2.ptx 639 : 1920 21120 0 0 0 0 0 0 0 
_2.ptx 640 : 1920 19200 0 0 0 0 0 0 0 
_2.ptx 641 : 1920 19200 0 0 0 0 0 0 0 
_2.ptx 642 : 1920 13440 0 0 0 0 0 0 0 
_2.ptx 643 : 1920 21120 0 0 0 0 0 0 0 
_2.ptx 644 : 1920 9600 0 0 0 120 120 0 0 
_2.ptx 645 : 1920 19200 0 0 0 0 0 0 0 
_2.ptx 646 : 1920 19200 0 0 0 0 0 0 0 
_2.ptx 647 : 1920 21120 0 0 0 0 0 0 0 
_2.ptx 648 : 1920 19200 0 0 0 0 0 0 0 
_2.ptx 649 : 1920 15360 0 120 120 0 0 0 0 
_2.ptx 650 : 1920 19200 0 0 0 0 0 0 0 
_2.ptx 651 : 1920 13440 0 0 0 0 0 0 0 
_2.ptx 652 : 1920 21120 0 0 0 0 0 0 0 
_2.ptx 653 : 1920 9600 0 0 0 120 120 0 0 
_2.ptx 654 : 1920 19200 0 0 0 0 0 0 0 
_2.ptx 655 : 1920 21120 0 0 0 0 0 0 0 
_2.ptx 656 : 1920 19200 0 0 0 0 0 0 0 
_2.ptx 657 : 1920 17280 0 120 120 0 0 0 0 
_2.ptx 658 : 1920 19200 0 0 0 0 0 0 0 
_2.ptx 659 : 1920 13440 0 0 0 0 0 0 0 
_2.ptx 660 : 1920 21120 0 0 0 0 0 0 0 
_2.ptx 661 : 1920 19200 0 0 0 0 0 0 0 
_2.ptx 662 : 1920 9600 0 0 0 120 120 0 0 
_2.ptx 663 : 1920 19200 0 0 0 0 0 0 0 
_2.ptx 664 : 1920 21120 0 0 0 0 0 0 0 
_2.ptx 665 : 1920 15360 0 120 120 0 0 0 0 
_2.ptx 666 : 1920 19200 0 0 0 0 0 0 0 
_2.ptx 667 : 1920 19200 0 0 0 0 0 0 0 
_2.ptx 668 : 1920 13440 0 0 0 0 0 0 0 
_2.ptx 669 : 1920 21120 0 0 0 0 0 0 0 
_2.ptx 670 : 1920 9600 0 0 0 120 120 0 0 
_2.ptx 671 : 1920 19200 0 0 0 0 0 0 0 
_2.ptx 672 : 1920 19200 0 0 0 0 0 0 0 
_2.ptx 673 : 1920 21120 0 0 0 0 0 0 0 
_2.ptx 674 : 1920 15360 0 120 120 0 0 0 0 
_2.ptx 675 : 1920 19200 0 0 0 0 0 0 0 
_2.ptx 676 : 1920 21120 0 0 0 0 0 0 0 
_2.ptx 677 : 1920 13440 0 0 0 0 0 0 0 
_2.ptx 678 : 1920 19200 0 0 0 0 0 0 0 
_2.ptx 679 : 1920 9600 0 0 0 120 120 0 0 
_2.ptx 680 : 1920 21120 0 0 0 0 0 0 0 
_2.ptx 681 : 1920 19200 0 0 0 0 0 0 0 
_2.ptx 682 : 1920 15360 0 120 120 0 0 0 0 
_2.ptx 683 : 1920 19200 0 0 0 0 0 0 0 
_2.ptx 684 : 1920 13440 0 0 0 0 0 0 0 
_2.ptx 685 : 1920 19200 0 0 0 0 0 0 0 
_2.ptx 686 : 1920 21120 0 0 0 0 0 0 0 
_2.ptx 687 : 1920 19200 0 0 0 0 0 0 0 
_2.ptx 688 : 1920 9600 0 0 0 120 120 0 0 
_2.ptx 689 : 1920 15360 0 120 120 0 0 0 0 
_2.ptx 690 : 1920 21120 0 0 0 0 0 0 0 
_2.ptx 691 : 1920 19200 0 0 0 0 0 0 0 
_2.ptx 692 : 1920 19200 0 0 0 0 0 0 0 
_2.ptx 693 : 1920 13440 0 0 0 0 0 0 0 
_2.ptx 694 : 1920 9600 0 0 0 120 120 0 0 
_2.ptx 695 : 1920 21120 0 0 0 0 0 0 0 
_2.ptx 696 : 1920 19200 0 0 0 0 0 0 0 
_2.ptx 697 : 1920 19200 0 0 0 0 0 0 0 
_2.ptx 698 : 1920 19200 0 0 0 0 0 0 0 
_2.ptx 699 : 1920 21120 0 0 0 0 0 0 0 
_2.ptx 700 : 1920 15360 0 120 120 0 0 0 0 
_2.ptx 701 : 1920 19200 0 0 0 0 0 0 0 
_2.ptx 702 : 1920 21120 0 0 0 0 0 0 0 
_2.ptx 703 : 1920 13440 0 0 0 0 0 0 0 
_2.ptx 704 : 1920 19200 0 0 0 0 0 0 0 
_2.ptx 705 : 1920 9600 0 0 0 120 120 0 0 
_2.ptx 706 : 1920 21120 0 0 0 0 0 0 0 
_2.ptx 707 : 1920 19200 0 0 0 0 0 0 0 
_2.ptx 708 : 1920 21120 0 0 0 0 0 0 0 
_2.ptx 709 : 1920 15360 0 120 120 0 0 0 0 
_2.ptx 710 : 1920 13440 0 0 0 0 0 0 0 
_2.ptx 711 : 1920 19200 0 0 0 0 0 0 0 
_2.ptx 712 : 1920 21120 0 0 0 0 0 0 0 
_2.ptx 713 : 1920 19200 0 0 0 0 0 0 0 
_2.ptx 714 : 1920 19200 0 0 0 0 0 0 0 
_2.ptx 715 : 1920 9600 0 0 0 120 120 0 0 
_2.ptx 716 : 1920 13440 0 0 0 0 0 0 0 
_2.ptx 717 : 1920 15360 0 120 120 0 0 0 0 
_2.ptx 718 : 1920 19200 0 0 0 0 0 0 0 
_2.ptx 719 : 1920 19200 0 0 0 0 0 0 0 
_2.ptx 720 : 1920 9600 0 0 0 120 120 0 0 
_2.ptx 721 : 1920 15360 0 120 120 0 0 0 0 
_2.ptx 722 : 1920 19200 0 0 0 0 0 0 0 
_2.ptx 723 : 1920 9600 0 0 0 120 120 0 0 
_2.ptx 724 : 1920 11520 0 0 0 0 0 0 0 
_2.ptx 725 : 1920 19200 0 0 0 0 0 0 0 
_2.ptx 726 : 1920 13440 0 120 120 0 0 0 0 
_2.ptx 727 : 1920 19200 0 0 0 0 0 0 0 
_2.ptx 728 : 1920 21120 0 0 0 0 0 0 0 
_2.ptx 729 : 1920 24960 0 0 0 0 0 0 0 
_2.ptx 730 : 1920 13440 0 0 0 0 0 0 0 
_2.ptx 731 : 1920 24960 0 0 0 0 0 0 0 
_2.ptx 732 : 1920 19200 0 0 0 0 0 0 0 
_2.ptx 733 : 1920 21120 0 0 0 0 0 0 0 
_2.ptx 734 : 1920 13968 0 0 0 0 0 0 0 
_2.ptx 735 : 1920 13440 0 0 0 0 0 0 0 
_2.ptx 736 : 1920 19200 0 0 0 0 0 0 0 
_2.ptx 737 : 1920 19200 0 0 0 0 0 0 0 
_2.ptx 738 : 1920 19200 0 0 0 0 0 0 0 
_2.ptx 739 : 1920 21120 0 0 0 0 0 0 0 
_2.ptx 740 : 1920 15360 0 120 120 0 0 0 0 
_2.ptx 741 : 1920 19200 0 0 0 0 0 0 0 
_2.ptx 742 : 1920 19200 0 0 0 0 0 0 0 
_2.ptx 743 : 1920 13440 0 0 0 0 0 0 0 
_2.ptx 744 : 1920 9600 0 0 0 120 120 0 0 
_2.ptx 745 : 1920 21120 0 0 0 0 0 0 0 
_2.ptx 746 : 1920 19200 0 0 0 0 0 0 0 
_2.ptx 747 : 1920 15360 0 120 120 0 0 0 0 
_2.ptx 748 : 1920 19200 0 0 0 0 0 0 0 
_2.ptx 749 : 1920 13440 0 0 0 0 0 0 0 
_2.ptx 750 : 1920 19200 0 0 0 0 0 0 0 
_2.ptx 751 : 1920 19200 0 0 0 0 0 0 0 
_2.ptx 752 : 1920 21120 0 0 0 0 0 0 0 
_2.ptx 753 : 1920 19200 0 0 0 0 0 0 0 
_2.ptx 754 : 1920 9600 0 0 0 120 120 0 0 
_2.ptx 755 : 1920 15360 0 120 120 0 0 0 0 
_2.ptx 756 : 1920 13440 0 0 0 0 0 0 0 
_2.ptx 757 : 1920 19200 0 0 0 0 0 0 0 
_2.ptx 758 : 1920 19200 0 0 0 0 0 0 0 
_2.ptx 759 : 1920 19200 0 0 0 0 0 0 0 
_2.ptx 760 : 1920 9600 0 0 0 120 120 0 0 
_2.ptx 761 : 1920 21120 0 0 0 0 0 0 0 
_2.ptx 762 : 1920 17280 0 120 120 0 0 0 0 
_2.ptx 763 : 1920 19200 0 0 0 0 0 0 0 
_2.ptx 764 : 1920 19200 0 0 0 0 0 0 0 
_2.ptx 765 : 1920 13440 0 0 0 0 0 0 0 
_2.ptx 766 : 1920 19200 0 0 0 0 0 0 0 
_2.ptx 767 : 1920 9600 0 0 0 120 120 0 0 
_2.ptx 768 : 1920 21120 0 0 0 0 0 0 0 
_2.ptx 769 : 1920 19200 0 0 0 0 0 0 0 
_2.ptx 770 : 1920 15360 0 120 120 0 0 0 0 
_2.ptx 771 : 1920 19200 0 0 0 0 0 0 0 
_2.ptx 772 : 1920 13440 0 0 0 0 0 0 0 
_2.ptx 773 : 1920 19200 0 0 0 0 0 0 0 
_2.ptx 774 : 1920 21120 0 0 0 0 0 0 0 
_2.ptx 775 : 1920 19200 0 0 0 0 0 0 0 
_2.ptx 776 : 1920 9600 0 0 0 120 120 0 0 
_2.ptx 777 : 1920 15360 0 120 120 0 0 0 0 
_2.ptx 778 : 1920 13440 0 0 0 0 0 0 0 
_2.ptx 779 : 1920 19200 0 0 0 0 0 0 0 
_2.ptx 780 : 1920 19200 0 0 0 0 0 0 0 
_2.ptx 781 : 1920 19200 0 0 0 0 0 0 0 
_2.ptx 782 : 1920 19200 0 0 0 0 0 0 0 
_2.ptx 783 : 1920 9600 0 0 0 120 120 0 0 
_2.ptx 784 : 1920 21120 0 0 0 0 0 0 0 
_2.ptx 785 : 1920 15360 0 120 120 0 0 0 0 
_2.ptx 786 : 1920 19200 0 0 0 0 0 0 0 
_2.ptx 787 : 1920 19200 0 0 0 0 0 0 0 
_2.ptx 788 : 1920 13440 0 0 0 0 0 0 0 
_2.ptx 789 : 1920 9600 0 0 0 120 120 0 0 
_2.ptx 790 : 1920 21120 0 0 0 0 0 0 0 
_2.ptx 791 : 1920 19200 0 0 0 0 0 0 0 
_2.ptx 792 : 1920 15360 0 120 120 0 0 0 0 
_2.ptx 793 : 1920 19200 0 0 0 0 0 0 0 
_2.ptx 794 : 1920 13440 0 0 0 0 0 0 0 
_2.ptx 795 : 1920 19200 0 0 0 0 0 0 0 
_2.ptx 796 : 1920 19200 0 0 0 0 0 0 0 
_2.ptx 797 : 1920 21120 0 0 0 0 0 0 0 
_2.ptx 798 : 1920 19200 0 0 0 0 0 0 0 
_2.ptx 799 : 1920 11520 0 0 0 120 120 0 0 
_2.ptx 800 : 1920 15360 0 120 120 0 0 0 0 
_2.ptx 801 : 1920 13440 0 0 0 0 0 0 0 
_2.ptx 802 : 1920 19200 0 0 0 0 0 0 0 
_2.ptx 803 : 1920 19200 0 0 0 0 0 0 0 
_2.ptx 804 : 1920 19200 0 0 0 0 0 0 0 
_2.ptx 805 : 1920 9600 0 0 0 120 120 0 0 
_2.ptx 806 : 1920 21120 0 0 0 0 0 0 0 
_2.ptx 807 : 1920 17280 0 120 120 0 0 0 0 
_2.ptx 808 : 1920 19200 0 0 0 0 0 0 0 
_2.ptx 809 : 1920 19200 0 0 0 0 0 0 0 
_2.ptx 810 : 1920 13440 0 0 0 0 0 0 0 
_2.ptx 811 : 1920 19200 0 0 0 0 0 0 0 
_2.ptx 812 : 1920 9600 0 0 0 120 120 0 0 
_2.ptx 813 : 1920 21120 0 0 0 0 0 0 0 
_2.ptx 814 : 1920 19200 0 0 0 0 0 0 0 
_2.ptx 815 : 1920 15360 0 120 120 0 0 0 0 
_2.ptx 816 : 1920 19200 0 0 0 0 0 0 0 
_2.ptx 817 : 1920 13440 0 0 0 0 0 0 0 
_2.ptx 818 : 1920 19200 0 0 0 0 0 0 0 
_2.ptx 819 : 1920 21120 0 0 0 0 0 0 0 
_2.ptx 820 : 1920 19200 0 0 0 0 0 0 0 
_2.ptx 821 : 1920 11520 0 0 0 120 120 0 0 
_2.ptx 822 : 1920 15360 0 120 120 0 0 0 0 
_2.ptx 823 : 1920 13440 0 0 0 0 0 0 0 
_2.ptx 824 : 1920 19200 0 0 0 0 0 0 0 
_2.ptx 825 : 1920 19200 0 0 0 0 0 0 0 
_2.ptx 826 : 1920 19200 0 0 0 0 0 0 0 
_2.ptx 827 : 1920 19200 0 0 0 0 0 0 0 
_2.ptx 828 : 1920 9600 0 0 0 120 120 0 0 
_2.ptx 829 : 1920 21120 0 0 0 0 0 0 0 
_2.ptx 830 : 1920 15360 0 120 120 0 0 0 0 
_2.ptx 831 : 1920 19200 0 0 0 0 0 0 0 
_2.ptx 832 : 1920 19200 0 0 0 0 0 0 0 
_2.ptx 833 : 1920 13440 0 0 0 0 0 0 0 
_2.ptx 834 : 1920 9600 0 0 0 120 120 0 0 
_2.ptx 835 : 1920 21120 0 0 0 0 0 0 0 
_2.ptx 836 : 1920 19200 0 0 0 0 0 0 0 
_2.ptx 837 : 1920 19200 0 0 0 0 0 0 0 
_2.ptx 838 : 1920 15360 0 120 120 0 0 0 0 
_2.ptx 839 : 1920 13440 0 0 0 0 0 0 0 
_2.ptx 840 : 1920 19200 0 0 0 0 0 0 0 
_2.ptx 841 : 1920 21120 0 0 0 0 0 0 0 
_2.ptx 842 : 1920 19200 0 0 0 0 0 0 0 
_2.ptx 843 : 1920 19200 0 0 0 0 0 0 0 
_2.ptx 844 : 1920 9712 0 0 0 120 120 0 0 
_2.ptx 845 : 1920 13440 0 0 0 0 0 0 0 
_2.ptx 846 : 1920 15360 0 120 120 0 0 0 0 
_2.ptx 847 : 1920 19200 0 0 0 0 0 0 0 
_2.ptx 848 : 1920 19200 0 0 0 0 0 0 0 
_2.ptx 849 : 1920 11408 0 0 0 120 120 0 0 
_2.ptx 850 : 1920 15472 0 120 120 0 0 0 0 
_2.ptx 851 : 1920 19200 0 0 0 0 0 0 0 
_2.ptx 852 : 1920 9600 0 0 0 120 120 0 0 
_2.ptx 854 : 1920 11520 0 0 0 0 0 0 0 
_2.ptx 871 : 256 1792 0 16 16 0 0 0 0 
_2.ptx 872 : 256 1792 0 16 16 0 0 0 0 
_2.ptx 873 : 256 2816 0 0 0 0 0 0 0 
_2.ptx 874 : 256 3328 0 0 0 0 0 0 0 
_2.ptx 875 : 256 1792 0 0 0 0 0 0 0 
_2.ptx 876 : 256 3328 0 0 0 0 0 0 0 
_2.ptx 877 : 256 2560 0 0 0 0 0 0 0 
_2.ptx 878 : 256 1792 0 0 0 0 0 0 0 
_2.ptx 879 : 256 2560 0 0 0 0 0 0 0 
_2.ptx 880 : 256 2560 0 0 0 0 0 0 0 
_2.ptx 881 : 256 2560 0 0 0 0 0 0 0 
_2.ptx 882 : 256 1792 0 0 0 0 0 0 0 
_2.ptx 883 : 256 2560 0 0 0 0 0 0 0 
_2.ptx 884 : 256 2816 0 0 0 0 0 0 0 
_2.ptx 885 : 256 2816 0 0 0 0 0 0 0 
_2.ptx 886 : 256 2816 0 0 0 0 0 0 0 
_2.ptx 887 : 256 2816 0 0 0 0 0 0 0 
_2.ptx 888 : 256 1792 0 0 0 0 0 0 0 
_2.ptx 889 : 256 1792 0 0 0 0 0 0 0 
_2.ptx 890 : 256 1792 0 0 0 0 0 0 0 
_2.ptx 891 : 256 1792 0 0 0 0 0 0 0 
_2.ptx 892 : 256 2560 0 0 0 0 0 0 0 
_2.ptx 893 : 256 40144 128 0 0 16 16 0 0 
_2.ptx 894 : 256 2560 0 0 0 0 0 0 0 
_2.ptx 895 : 256 40144 128 0 0 16 16 0 0 
_2.ptx 896 : 256 2560 0 0 0 0 0 0 0 
_2.ptx 897 : 256 40144 128 0 0 16 16 0 0 
_2.ptx 898 : 256 2560 0 0 0 0 0 0 0 
_2.ptx 899 : 256 40064 128 0 0 16 16 0 0 
_2.ptx 900 : 256 1280 0 16 16 0 0 0 0 
_2.ptx 901 : 256 2560 0 0 0 0 0 0 0 
_2.ptx 902 : 256 1280 0 16 16 0 0 0 0 
_2.ptx 903 : 256 2560 0 0 0 0 0 0 0 
_2.ptx 904 : 256 1280 0 16 16 0 0 0 0 
_2.ptx 905 : 256 2560 0 0 0 0 0 0 0 
_2.ptx 906 : 256 1280 0 16 16 0 0 0 0 
_2.ptx 907 : 256 2560 0 0 0 0 0 0 0 
_2.ptx 908 : 256 2816 0 0 0 0 0 0 0 
_2.ptx 909 : 256 2816 0 0 0 0 0 0 0 
_2.ptx 910 : 256 2816 0 0 0 0 0 0 0 
_2.ptx 911 : 256 2816 0 0 0 0 0 0 0 
_2.ptx 912 : 256 1792 0 0 0 0 0 0 0 
_2.ptx 913 : 256 1792 0 0 0 0 0 0 0 
_2.ptx 914 : 256 1792 0 0 0 0 0 0 0 
_2.ptx 915 : 256 1792 0 0 0 0 0 0 0 
_2.ptx 916 : 256 2560 0 0 0 0 0 0 0 
_2.ptx 917 : 256 40000 128 0 0 16 16 0 0 
_2.ptx 918 : 256 2560 0 0 0 0 0 0 0 
_2.ptx 919 : 256 39984 128 0 0 16 16 0 0 
_2.ptx 920 : 256 2560 0 0 0 0 0 0 0 
_2.ptx 921 : 256 40000 128 0 0 16 16 0 0 
_2.ptx 922 : 256 2560 0 0 0 0 0 0 0 
_2.ptx 923 : 256 39984 128 0 0 16 16 0 0 
_2.ptx 924 : 256 1280 0 16 16 0 0 0 0 
_2.ptx 925 : 256 2560 0 0 0 0 0 0 0 
_2.ptx 926 : 256 1280 0 16 16 0 0 0 0 
_2.ptx 927 : 256 2560 0 0 0 0 0 0 0 
_2.ptx 928 : 256 1280 0 16 16 0 0 0 0 
_2.ptx 929 : 256 2560 0 0 0 0 0 0 0 
_2.ptx 930 : 256 1280 0 16 16 0 0 0 0 
_2.ptx 931 : 256 2560 0 0 0 0 0 0 0 
_2.ptx 932 : 256 2816 0 0 0 0 0 0 0 
_2.ptx 933 : 256 2816 0 0 0 0 0 0 0 
_2.ptx 934 : 256 2816 0 0 0 0 0 0 0 
_2.ptx 935 : 256 2816 0 0 0 0 0 0 0 
_2.ptx 936 : 256 1792 0 0 0 0 0 0 0 
_2.ptx 937 : 256 1792 0 0 0 0 0 0 0 
_2.ptx 938 : 256 1792 0 0 0 0 0 0 0 
_2.ptx 939 : 256 1792 0 0 0 0 0 0 0 
_2.ptx 940 : 256 2560 0 0 0 0 0 0 0 
_2.ptx 941 : 256 40480 128 0 0 16 16 0 0 
_2.ptx 942 : 256 2560 0 0 0 0 0 0 0 
_2.ptx 943 : 256 40000 128 0 0 16 16 0 0 
_2.ptx 944 : 256 2560 0 0 0 0 0 0 0 
_2.ptx 945 : 256 40000 128 0 0 16 16 0 0 
_2.ptx 946 : 256 2560 0 0 0 0 0 0 0 
_2.ptx 947 : 256 40000 128 0 0 16 16 0 0 
_2.ptx 948 : 256 1280 0 16 16 0 0 0 0 
_2.ptx 949 : 256 2560 0 0 0 0 0 0 0 
_2.ptx 950 : 256 1280 0 16 16 0 0 0 0 
_2.ptx 951 : 256 2560 0 0 0 0 0 0 0 
_2.ptx 952 : 256 1280 0 16 16 0 0 0 0 
_2.ptx 953 : 256 2560 0 0 0 0 0 0 0 
_2.ptx 954 : 256 1280 0 16 16 0 0 0 0 
_2.ptx 955 : 256 2560 0 0 0 0 0 0 0 
_2.ptx 956 : 256 2816 0 0 0 0 0 0 0 
_2.ptx 957 : 256 2816 0 0 0 0 0 0 0 
_2.ptx 958 : 256 2816 0 0 0 0 0 0 0 
_2.ptx 959 : 256 2816 0 0 0 0 0 0 0 
_2.ptx 960 : 256 1792 0 0 0 0 0 0 0 
_2.ptx 961 : 256 1792 0 0 0 0 0 0 0 
_2.ptx 962 : 256 1792 0 0 0 0 0 0 0 
_2.ptx 963 : 256 1792 0 0 0 0 0 0 0 
_2.ptx 964 : 256 2560 0 0 0 0 0 0 0 
_2.ptx 965 : 256 39984 128 0 0 16 16 0 0 
_2.ptx 966 : 256 2560 0 0 0 0 0 0 0 
_2.ptx 967 : 256 40000 128 0 0 16 16 0 0 
_2.ptx 968 : 256 2560 0 0 0 0 0 0 0 
_2.ptx 969 : 256 39984 128 0 0 16 16 0 0 
_2.ptx 970 : 256 2560 0 0 0 0 0 0 0 
_2.ptx 971 : 256 40000 128 0 0 16 16 0 0 
_2.ptx 972 : 256 1280 0 16 16 0 0 0 0 
_2.ptx 973 : 256 1280 0 16 16 0 0 0 0 
_2.ptx 974 : 256 1280 0 16 16 0 0 0 0 
_2.ptx 975 : 256 1280 0 16 16 0 0 0 0 
_2.ptx 976 : 256 1536 0 0 0 0 0 0 0 
_2.ptx 977 : 256 1792 0 0 0 0 0 0 0 
_2.ptx 978 : 3840 30720 0 0 0 0 0 0 0 
_2.ptx 979 : 3840 26880 0 0 0 0 0 0 0 
_2.ptx 980 : 3840 23040 0 0 0 0 0 0 0 
_2.ptx 981 : 3840 11520 0 0 0 0 0 0 240 
_2.ptx 982 : 1920 15360 0 0 0 0 0 0 0 
_2.ptx 983 : 1920 1440 0 0 0 0 0 0 0 
_2.ptx 984 : 1680 11760 0 0 0 0 0 0 0 
_2.ptx 985 : 1680 18480 0 0 0 0 0 0 0 
_2.ptx 986 : 1680 11760 0 0 0 0 0 0 0 
_2.ptx 987 : 1680 16800 0 0 0 0 0 0 0 
_2.ptx 988 : 1680 16800 0 0 0 0 0 0 0 
_2.ptx 989 : 1680 16800 0 0 0 0 0 0 0 
_2.ptx 990 : 1680 11760 0 0 0 0 0 0 0 
_2.ptx 991 : 1680 11760 0 0 0 0 0 0 0 
_2.ptx 992 : 1680 11760 0 0 0 0 0 0 0 
_2.ptx 993 : 1680 11760 0 0 0 0 0 0 0 
_2.ptx 994 : 1680 20272 0 896 224 0 0 0 0 
_2.ptx 995 : 1680 11760 0 0 0 0 0 0 0 
_2.ptx 996 : 1680 11760 0 0 0 0 0 0 0 
_2.ptx 997 : 8960 104704 0 4928 1680 0 0 0 0 
_2.ptx 998 : 8960 89600 0 0 0 0 0 0 0 
_2.ptx 999 : 8960 116480 0 0 0 0 0 0 0 
_2.ptx 1000 : 8960 76331 0 0 0 0 0 0 0 
_2.ptx 1001 : 8960 95615 0 0 0 0 0 0 0 
_2.ptx 1002 : 8960 71680 0 4928 1680 0 0 0 0 
_2.ptx 1003 : 8960 43680 0 0 0 0 0 0 0 
_2.ptx 1004 : 1680 10080 0 0 0 0 0 0 0 
_2.ptx 1005 : 240 1680 0 0 0 0 0 0 0 
_2.ptx 1006 : 240 2640 0 0 0 0 0 0 0 
_2.ptx 1007 : 240 2400 0 0 0 0 0 0 0 
_2.ptx 1008 : 240 1680 0 0 0 0 0 0 0 
_2.ptx 1009 : 240 1680 0 0 0 0 0 0 0 
_2.ptx 1010 : 240 1680 0 0 0 0 0 0 0 
_2.ptx 1011 : 240 3600 0 128 16 0 0 0 0 
_2.ptx 1012 : 1920 13440 0 0 0 0 0 0 0 
_2.ptx 1013 : 1920 13440 0 0 0 0 0 0 0 
_2.ptx 1014 : 1920 15360 0 240 240 0 0 0 0 
_2.ptx 1015 : 1920 26880 0 0 0 0 0 0 0 
_2.ptx 1016 : 1920 21120 0 0 0 0 0 0 0 
_2.ptx 1017 : 1920 18112 0 1024 240 0 0 0 0 
_2.ptx 1018 : 3840 23040 0 0 0 0 0 0 0 
_2.ptx 1019 : 3840 23040 0 0 0 0 0 0 0 
_2.ptx 1020 : 3840 23040 0 0 0 0 0 0 0 
_2.ptx 1021 : 3840 11520 0 0 0 0 0 0 240 
_2.ptx 1022 : 1920 19200 0 0 0 0 0 0 0 
_2.ptx 1023 : 1920 15360 0 0 0 0 0 0 0 
_2.ptx 1024 : 1920 0 0 0 0 0 0 0 0 
_2.ptx 1025 : 1920 13440 0 0 0 0 0 0 0 
_2.ptx 1026 : 1920 13440 0 0 0 0 0 0 0 
_2.ptx 1027 : 1920 21120 0 0 0 0 0 0 0 
_2.ptx 1028 : 1920 19200 0 0 0 0 0 0 0 
_2.ptx 1029 : 1920 13440 0 0 0 0 0 0 0 
_2.ptx 1030 : 1920 13440 0 0 0 0 0 0 0 
_2.ptx 1031 : 1920 13440 0 0 0 0 0 0 0 
_2.ptx 1032 : 1920 15360 0 240 240 0 0 0 0 
_2.ptx 1033 : 1920 13440 0 0 0 0 0 0 0 
_2.ptx 1034 : 10880 87040 0 1920 1920 0 0 0 0 
_2.ptx 1035 : 10880 108800 0 0 0 0 0 0 0 
_2.ptx 1036 : 10880 141440 0 0 0 0 0 0 0 
_2.ptx 1037 : 10880 87040 0 0 0 0 0 0 0 
_2.ptx 1038 : 10880 108800 0 0 0 0 0 0 0 
_2.ptx 1039 : 10880 108800 0 0 0 0 0 0 0 
_2.ptx 1040 : 10880 54400 0 1920 1920 0 0 0 0 
_2.ptx 1041 : 10880 53760 0 0 0 0 0 0 0 
_2.ptx 1042 : 3840 23040 0 0 0 0 0 0 0 
_2.ptx 1043 : 3840 23040 0 0 0 0 0 0 0 
_2.ptx 1044 : 3840 38400 0 0 0 0 0 0 0 
_2.ptx 1045 : 3840 26880 0 0 0 0 0 0 0 
_2.ptx 1046 : 3840 21504 0 0 0 0 0 0 0 
_2.ptx 1047 : 256 2304 0 0 0 0 0 0 0 
_2.ptx 1048 : 256 1792 0 16 16 0 0 0 0 
_2.ptx 1049 : 256 2816 0 0 0 0 0 0 0 
_2.ptx 1050 : 256 3328 0 0 0 0 0 0 0 
_2.ptx 1051 : 256 1792 0 0 0 0 0 0 0 
_2.ptx 1052 : 256 3328 0 0 0 0 0 0 0 
_2.ptx 1053 : 256 2560 0 0 0 0 0 0 0 
_2.ptx 1054 : 256 2816 0 0 0 0 0 0 0 
_2.ptx 1055 : 256 2576 0 0 0 0 0 0 0 
_2.ptx 1056 : 256 1792 0 0 0 0 0 0 0 
_2.ptx 1057 : 256 1792 0 0 0 0 0 0 0 
_2.ptx 1058 : 256 2048 0 16 16 0 0 0 0 
_2.ptx 1059 : 256 2816 0 0 0 0 0 0 0 
_2.ptx 1060 : 256 2560 0 0 0 0 0 0 0 
_2.ptx 1061 : 256 2560 0 0 0 0 0 0 0 
_2.ptx 1062 : 256 2560 0 0 0 0 0 0 0 
_2.ptx 1063 : 256 1792 0 0 0 0 0 0 0 
_2.ptx 1064 : 256 1296 0 0 0 16 16 0 0 
_2.ptx 1065 : 256 2288 0 16 16 0 0 0 0 
_2.ptx 1066 : 256 2816 0 0 0 0 0 0 0 
_2.ptx 1067 : 256 2560 0 0 0 0 0 0 0 
_2.ptx 1068 : 256 2560 0 0 0 0 0 0 0 
_2.ptx 1069 : 256 1792 0 0 0 0 0 0 0 
_2.ptx 1070 : 256 1280 0 0 0 16 16 0 0 
_2.ptx 1071 : 256 2304 0 16 16 0 0 0 0 
_2.ptx 1072 : 256 2816 0 0 0 0 0 0 0 
_2.ptx 1073 : 256 2560 0 0 0 0 0 0 0 
_2.ptx 1074 : 256 1792 0 0 0 0 0 0 0 
_2.ptx 1075 : 256 2560 0 0 0 0 0 0 0 
_2.ptx 1076 : 256 2560 0 0 0 0 0 0 0 
_2.ptx 1077 : 256 1792 0 0 0 0 0 0 0 
_2.ptx 1078 : 256 1280 0 0 0 16 16 0 0 
_2.ptx 1079 : 256 2048 0 16 16 0 0 0 0 
_2.ptx 1080 : 256 2816 0 0 0 0 0 0 0 
_2.ptx 1081 : 256 2560 0 0 0 0 0 0 0 
_2.ptx 1082 : 256 2560 0 0 0 0 0 0 0 
_2.ptx 1083 : 256 1792 0 0 0 0 0 0 0 
_2.ptx 1084 : 256 1296 0 0 0 16 16 0 0 
_2.ptx 1085 : 256 2288 0 16 16 0 0 0 0 
_2.ptx 1086 : 256 2816 0 0 0 0 0 0 0 
_2.ptx 1087 : 256 2560 0 0 0 0 0 0 0 
_2.ptx 1088 : 256 1792 0 0 0 0 0 0 0 
_2.ptx 1089 : 256 2560 0 0 0 0 0 0 0 
_2.ptx 1090 : 256 2560 0 0 0 0 0 0 0 
_2.ptx 1091 : 256 1792 0 0 0 0 0 0 0 
_2.ptx 1092 : 256 1280 0 0 0 16 16 0 0 
_2.ptx 1093 : 256 2048 0 16 16 0 0 0 0 
_2.ptx 1094 : 256 2816 0 0 0 0 0 0 0 
_2.ptx 1095 : 256 2560 0 0 0 0 0 0 0 
_2.ptx 1096 : 256 2560 0 0 0 0 0 0 0 
_2.ptx 1097 : 256 1792 0 0 0 0 0 0 0 
_2.ptx 1098 : 256 1312 0 0 0 16 16 0 0 
_2.ptx 1099 : 256 2272 0 16 16 0 0 0 0 
_2.ptx 1100 : 256 2816 0 0 0 0 0 0 0 
_2.ptx 1101 : 256 2560 0 0 0 0 0 0 0 
_2.ptx 1102 : 256 1792 0 0 0 0 0 0 0 
_2.ptx 1103 : 256 2560 0 0 0 0 0 0 0 
_2.ptx 1104 : 256 2560 0 0 0 0 0 0 0 
_2.ptx 1105 : 256 1792 0 0 0 0 0 0 0 
_2.ptx 1106 : 256 1280 0 0 0 16 16 0 0 
_2.ptx 1107 : 256 2048 0 16 16 0 0 0 0 
_2.ptx 1108 : 256 2816 0 0 0 0 0 0 0 
_2.ptx 1109 : 256 2560 0 0 0 0 0 0 0 
_2.ptx 1110 : 256 2560 0 0 0 0 0 0 0 
_2.ptx 1111 : 256 1792 0 0 0 0 0 0 0 
_2.ptx 1112 : 256 1296 0 0 0 16 16 0 0 
_2.ptx 1113 : 256 2288 0 16 16 0 0 0 0 
_2.ptx 1114 : 256 2816 0 0 0 0 0 0 0 
_2.ptx 1115 : 256 2560 0 0 0 0 0 0 0 
_2.ptx 1116 : 256 1792 0 0 0 0 0 0 0 
_2.ptx 1117 : 256 2560 0 0 0 0 0 0 0 
_2.ptx 1118 : 256 2560 0 0 0 0 0 0 0 
_2.ptx 1119 : 256 1792 0 0 0 0 0 0 0 
_2.ptx 1120 : 256 1280 0 0 0 16 16 0 0 
_2.ptx 1121 : 256 2048 0 16 16 0 0 0 0 
_2.ptx 1122 : 256 2816 0 0 0 0 0 0 0 
_2.ptx 1123 : 256 2560 0 0 0 0 0 0 0 
_2.ptx 1124 : 256 2560 0 0 0 0 0 0 0 
_2.ptx 1125 : 256 1792 0 0 0 0 0 0 0 
_2.ptx 1126 : 256 1280 0 0 0 16 16 0 0 
_2.ptx 1127 : 256 2304 0 16 16 0 0 0 0 
_2.ptx 1128 : 256 2816 0 0 0 0 0 0 0 
_2.ptx 1129 : 256 2560 0 0 0 0 0 0 0 
_2.ptx 1130 : 256 1792 0 0 0 0 0 0 0 
_2.ptx 1131 : 256 2560 0 0 0 0 0 0 0 
_2.ptx 1132 : 256 2560 0 0 0 0 0 0 0 
_2.ptx 1133 : 256 1792 0 0 0 0 0 0 0 
_2.ptx 1134 : 256 1280 0 0 0 16 16 0 0 
_2.ptx 1135 : 256 2048 0 16 16 0 0 0 0 
_2.ptx 1136 : 256 2816 0 0 0 0 0 0 0 
_2.ptx 1137 : 256 2560 0 0 0 0 0 0 0 
_2.ptx 1138 : 256 2560 0 0 0 0 0 0 0 
_2.ptx 1139 : 256 1792 0 0 0 0 0 0 0 
_2.ptx 1140 : 256 1296 0 0 0 16 16 0 0 
_2.ptx 1141 : 256 2288 0 16 16 0 0 0 0 
_2.ptx 1142 : 256 2816 0 0 0 0 0 0 0 
_2.ptx 1143 : 256 2560 0 0 0 0 0 0 0 
_2.ptx 1144 : 256 2560 0 0 0 0 0 0 0 
_2.ptx 1145 : 256 2048 0 0 0 0 0 0 0 
_2.ptx 1146 : 256 2560 0 0 0 0 0 0 0 
_2.ptx 1147 : 256 1792 0 0 0 0 0 0 0 
_2.ptx 1148 : 256 1280 0 0 0 16 16 0 0 
_2.ptx 1149 : 256 2816 0 0 0 0 0 0 0 
_2.ptx 1150 : 256 2048 0 16 16 0 0 0 0 
_2.ptx 1151 : 256 2560 0 0 0 0 0 0 0 
_2.ptx 1152 : 256 1792 0 0 0 0 0 0 0 
_2.ptx 1153 : 256 1280 0 0 0 16 16 0 0 
_2.ptx 1154 : 256 2048 0 16 16 0 0 0 0 
_2.ptx 1155 : 256 2560 0 0 0 0 0 0 0 
_2.ptx 1156 : 256 1280 0 0 0 16 16 0 0 
_2.ptx 1158 : 256 1536 0 0 0 0 0 0 0 
