kernel line : count latency dram_traffic smem_bk_conflicts smem_warp gmem_access_generated gmem_warp exposed_latency warp_divergence
_1.ptx 38 : 130048 780432 0 0 0 0 0 0 0 
_1.ptx 39 : 130048 1300592 0 0 0 0 0 0 0 
_1.ptx 40 : 130048 930320 0 8128 8128 0 0 0 0 
_1.ptx 41 : 130048 1329392 0 0 0 0 0 0 0 
_1.ptx 42 : 130048 1722224 0 0 0 0 0 0 0 
_1.ptx 43 : 130048 1737520 0 0 0 0 0 0 0 
_1.ptx 44 : 130048 914064 0 0 0 0 0 0 0 
_1.ptx 45 : 130048 1340464 0 0 0 0 0 0 0 
_1.ptx 46 : 130048 1700752 0 0 0 0 0 0 0 
_1.ptx 47 : 130048 1413184 0 0 0 0 0 0 0 
_1.ptx 48 : 130048 1437184 0 0 0 0 0 0 0 
_1.ptx 49 : 130048 933696 0 0 0 0 0 0 0 
_1.ptx 50 : 130048 945456 0 0 0 0 0 0 0 
_1.ptx 51 : 130048 1452848 0 0 0 0 0 0 0 
_1.ptx 52 : 130048 857456 0 0 0 0 0 0 0 
_1.ptx 53 : 130048 1379264 0 0 0 0 0 0 0 
_1.ptx 54 : 130048 1398672 0 0 0 0 0 0 0 
_1.ptx 55 : 130048 1066896 0 0 0 0 0 0 0 
_1.ptx 56 : 130048 1497248 0 0 0 0 0 0 0 
_1.ptx 57 : 130048 1588288 0 0 0 0 0 0 0 
_1.ptx 58 : 130048 1606512 0 0 0 0 0 0 0 
_1.ptx 59 : 130048 1235536 0 0 0 0 0 0 0 
_1.ptx 60 : 130048 1186336 0 0 0 0 0 0 0 
_1.ptx 61 : 130048 1181456 0 0 0 0 0 0 0 
_1.ptx 62 : 130048 1143312 0 0 0 0 0 0 0 
_1.ptx 63 : 130048 1515648 0 0 0 0 0 0 0 
_1.ptx 64 : 130048 1490304 0 0 0 0 0 0 0 
_1.ptx 65 : 130048 1462880 0 0 0 0 0 0 0 
_1.ptx 66 : 130048 1451264 0 0 0 0 0 0 0 
_1.ptx 67 : 130048 1447248 0 0 0 0 0 0 0 
_1.ptx 68 : 130048 73596272 1554560 0 0 12160 8128 0 0 
_1.ptx 69 : 130048 1376304 0 0 0 0 0 0 0 
_1.ptx 70 : 130048 85764208 1554560 0 0 12160 8128 0 0 
_1.ptx 71 : 130048 1311376 0 0 0 0 0 0 0 
_1.ptx 72 : 130048 81160016 1554560 0 0 12160 8128 0 0 
_1.ptx 73 : 130048 1306512 0 0 0 0 0 0 0 
_1.ptx 74 : 130048 75474112 1554560 0 0 12160 8128 0 0 
_1.ptx 75 : 130048 22205040 0 8128 8128 0 0 0 0 
_1.ptx 76 : 130048 16698032 0 8128 8128 0 0 0 0 
_1.ptx 77 : 130048 13143904 0 8128 8128 0 0 0 0 
_1.ptx 78 : 130048 786496 0 0 0 0 0 0 0 
_1.ptx 79 : 130048 789808 0 0 0 0 0 0 0 
_1.ptx 80 : 130048 13002080 0 8128 8128 0 0 0 0 
_1.ptx 81 : 130048 1321360 0 0 0 0 0 0 0 
_1.ptx 82 : 130048 1449152 0 0 0 0 0 0 0 
_1.ptx 83 : 130048 1314944 0 0 0 0 0 0 0 
_1.ptx 84 : 130048 1438128 0 0 0 0 0 0 0 
_1.ptx 85 : 130048 1437216 0 0 0 0 0 0 0 
_1.ptx 86 : 130048 1436320 0 0 0 0 0 0 0 
_1.ptx 87 : 130048 1441376 0 0 0 0 0 0 0 
_1.ptx 88 : 130048 927664 0 0 0 0 0 0 0 
_1.ptx 89 : 130048 924048 0 0 0 0 0 0 0 
_1.ptx 90 : 130048 923008 0 0 0 0 0 0 0 
_1.ptx 91 : 130048 919104 0 0 0 0 0 0 0 
_1.ptx 92 : 130048 1304224 0 0 0 0 0 0 0 
_1.ptx 93 : 130048 1304144 0 0 0 0 0 0 0 
_1.ptx 94 : 130048 1306512 0 0 0 0 0 0 0 
_1.ptx 95 : 130048 1305632 0 0 0 0 0 0 0 
_1.ptx 96 : 130048 1307600 0 0 0 0 0 0 0 
_1.ptx 97 : 130048 60536000 1554432 0 0 12160 8128 0 0 
_1.ptx 98 : 130048 1307392 0 0 0 0 0 0 0 
_1.ptx 99 : 130048 64867168 1554432 0 0 12160 8128 0 0 
_1.ptx 100 : 130048 1305552 0 0 0 0 0 0 0 
_1.ptx 101 : 130048 66564368 1554432 0 0 12160 8128 0 0 
_1.ptx 102 : 130048 1306880 0 0 0 0 0 0 0 
_1.ptx 103 : 130048 69212048 1554432 0 0 12160 8128 0 0 
_1.ptx 104 : 130048 784976 0 0 0 0 0 0 0 
_1.ptx 105 : 130048 18042704 0 8128 8128 0 0 0 0 
_1.ptx 106 : 130048 1447200 0 0 0 0 0 0 0 
_1.ptx 107 : 130048 14700432 0 8128 8128 0 0 0 0 
_1.ptx 108 : 130048 1700112 0 0 0 0 0 0 0 
_1.ptx 109 : 130048 14314400 0 8128 8128 0 0 0 0 
_1.ptx 110 : 130048 925472 0 0 0 0 0 0 0 
_1.ptx 111 : 130048 14620000 0 8128 8128 0 0 0 0 
_1.ptx 112 : 130048 1315952 0 0 0 0 0 0 0 
_1.ptx 113 : 130048 1439152 0 0 0 0 0 0 0 
_1.ptx 114 : 130048 1699872 0 0 0 0 0 0 0 
_1.ptx 115 : 130048 1552080 0 0 0 0 0 0 0 
_1.ptx 116 : 130048 1439104 0 0 0 0 0 0 0 
_1.ptx 117 : 130048 1441664 0 0 0 0 0 0 0 
_1.ptx 118 : 130048 1439168 0 0 0 0 0 0 0 
_1.ptx 119 : 130048 924832 0 0 0 0 0 0 0 
_1.ptx 120 : 130048 923136 0 0 0 0 0 0 0 
_1.ptx 121 : 130048 923728 0 0 0 0 0 0 0 
_1.ptx 122 : 130048 917888 0 0 0 0 0 0 0 
_1.ptx 123 : 130048 1307744 0 0 0 0 0 0 0 
_1.ptx 124 : 130048 1309344 0 0 0 0 0 0 0 
_1.ptx 125 : 130048 1308320 0 0 0 0 0 0 0 
_1.ptx 126 : 130048 1311824 0 0 0 0 0 0 0 
_1.ptx 127 : 130048 1306384 0 0 0 0 0 0 0 
_1.ptx 128 : 130048 62879152 1554304 0 0 12160 8128 0 0 
_1.ptx 129 : 130048 1303248 0 0 0 0 0 0 0 
_1.ptx 130 : 130048 65918448 1554304 0 0 12160 8128 0 0 
_1.ptx 131 : 130048 1306272 0 0 0 0 0 0 0 
_1.ptx 132 : 130048 70757376 1554304 0 0 12160 8128 0 0 
_1.ptx 133 : 130048 1304672 0 0 0 0 0 0 0 
_1.ptx 134 : 130048 71005248 1554304 0 0 12160 8128 0 0 
_1.ptx 135 : 130048 20634832 0 8128 8128 0 0 0 0 
_1.ptx 136 : 130048 17598272 0 8128 8128 0 0 0 0 
_1.ptx 137 : 130048 1440432 0 0 0 0 0 0 0 
_1.ptx 138 : 130048 16935808 0 8128 8128 0 0 0 0 
_1.ptx 139 : 130048 784720 0 0 0 0 0 0 0 
_1.ptx 140 : 130048 1449840 0 0 0 0 0 0 0 
_1.ptx 141 : 130048 1696144 0 0 0 0 0 0 0 
_1.ptx 142 : 130048 17710352 0 8128 8128 0 0 0 0 
_1.ptx 143 : 130048 919072 0 0 0 0 0 0 0 
_1.ptx 144 : 130048 788160 0 0 0 0 0 0 0 
_1.ptx 145 : 130048 1699552 0 0 0 0 0 0 0 
_1.ptx 146 : 130048 1444016 0 0 0 0 0 0 0 
_1.ptx 147 : 130048 1422288 0 0 0 0 0 0 0 
_1.ptx 148 : 130048 1444656 0 0 0 0 0 0 0 
_1.ptx 149 : 130048 1435440 0 0 0 0 0 0 0 
_1.ptx 150 : 130048 1436976 0 0 0 0 0 0 0 
_1.ptx 151 : 130048 1452704 0 0 0 0 0 0 0 
_1.ptx 152 : 130048 928560 0 0 0 0 0 0 0 
_1.ptx 153 : 130048 923008 0 0 0 0 0 0 0 
_1.ptx 154 : 130048 921664 0 0 0 0 0 0 0 
_1.ptx 155 : 130048 927120 0 0 0 0 0 0 0 
_1.ptx 156 : 130048 1308704 0 0 0 0 0 0 0 
_1.ptx 157 : 130048 1309632 0 0 0 0 0 0 0 
_1.ptx 158 : 130048 1313776 0 0 0 0 0 0 0 
_1.ptx 159 : 130048 1311008 0 0 0 0 0 0 0 
_1.ptx 160 : 130048 1307136 0 0 0 0 0 0 0 
_1.ptx 161 : 130048 68552416 1554048 0 0 12160 8128 0 0 
_1.ptx 162 : 130048 1302960 0 0 0 0 0 0 0 
_1.ptx 163 : 130048 69678224 1554048 0 0 12160 8128 0 0 
_1.ptx 164 : 130048 1304784 0 0 0 0 0 0 0 
_1.ptx 165 : 130048 71472992 1039232 0 0 8128 8128 0 0 
_1.ptx 166 : 130048 1310544 0 0 0 0 0 0 0 
_1.ptx 167 : 130048 70316192 1562240 0 0 12224 8128 0 0 
_1.ptx 168 : 130048 21653360 0 8128 8128 0 0 0 0 
_1.ptx 169 : 130048 20057280 0 8128 8128 0 0 0 0 
_1.ptx 170 : 130048 20411968 0 8128 8128 0 0 0 0 
_1.ptx 171 : 130048 19484512 0 8128 8128 0 0 0 0 
_1.ptx 172 : 130048 784656 0 0 0 0 0 0 0 
_1.ptx 173 : 130048 927120 0 0 0 0 0 0 0 
_1.ptx 174 : 130048 929136 0 0 0 0 0 0 0 
_1.ptx 175 : 130048 1440064 0 0 0 0 0 0 0 
_1.ptx 176 : 130048 1056656 0 0 0 0 0 0 0 
_1.ptx 177 : 130048 925520 0 0 0 0 0 0 0 
_1.ptx 178 : 130048 57614 0 0 0 0 0 0 0 
_1.ptx 179 : 130048 82126 0 0 0 0 0 0 0 
_1.ptx 180 : 130048 3556139 981248 0 0 8128 8128 0 0 
_1.ptx 181 : 130048 1976696 0 8128 8128 0 0 0 0 
_1.ptx 182 : 130048 25025792 0 8128 8128 0 0 0 0 
_1.ptx 183 : 130048 1450048 0 0 0 0 0 0 0 
_1.ptx 184 : 130048 1700816 0 0 0 0 0 0 0 
_1.ptx 185 : 130048 929056 0 0 0 0 0 0 0 
_1.ptx 186 : 130048 1696448 0 0 0 0 0 0 0 
_1.ptx 187 : 130048 1311584 0 0 0 0 0 0 0 
_1.ptx 188 : 130048 1437808 0 0 0 0 0 0 0 
_1.ptx 189 : 130048 922800 0 0 0 0 0 0 0 
_1.ptx 190 : 130048 1311760 0 0 0 0 0 0 0 
_1.ptx 191 : 130048 189862736 16390016 0 0 130048 8128 0 0 
_1.ptx 192 : 130048 33263968 0 8128 8128 0 0 0 0 
_1.ptx 193 : 130048 785728 0 0 0 0 0 0 0 
_1.ptx 194 : 130048 934896 0 0 0 0 0 0 0 
_1.ptx 195 : 130048 1320032 0 0 0 0 0 0 0 
_1.ptx 196 : 130048 1319840 0 0 0 0 0 0 0 
_1.ptx 197 : 130048 67726464 1375488 0 0 12160 8128 0 0 
_1.ptx 198 : 130048 16456784 0 8128 8128 0 0 0 0 
_1.ptx 199 : 130048 1456752 0 0 0 0 0 0 0 
_1.ptx 200 : 130048 797024 0 0 0 0 0 0 0 
_1.ptx 201 : 130048 932352 0 0 0 0 0 0 0 
_1.ptx 202 : 2080768 17091360 0 0 0 0 0 0 0 
_1.ptx 203 : 2080768 12773184 0 0 0 0 0 0 0 
_1.ptx 204 : 2080768 6015465 0 0 0 0 0 0 121920 
_1.ptx 205 : 1105408 12394965 0 0 0 0 0 0 0 
_1.ptx 206 : 1105408 8076319 0 0 0 0 0 0 0 
_1.ptx 207 : 1105408 8295099 0 0 0 0 0 0 0 
_1.ptx 208 : 1105408 12399985 0 0 0 0 0 0 0 
_1.ptx 209 : 1105408 12579771 0 0 0 0 0 0 0 
_1.ptx 210 : 1105408 8113186 0 0 0 0 0 0 0 
_1.ptx 211 : 1105408 8142803 0 0 0 0 0 0 0 
_1.ptx 212 : 1105408 11406178 0 0 0 0 0 0 0 
_1.ptx 213 : 1105408 28211267 0 130048 130048 0 0 0 0 
_1.ptx 214 : 1105408 20723556 0 130048 130048 0 0 0 0 
_1.ptx 215 : 1105408 12387016 0 0 0 0 0 0 0 
_1.ptx 216 : 1105408 12407672 0 0 0 0 0 0 0 
_1.ptx 217 : 1105408 9095546 0 0 0 0 0 0 0 
_1.ptx 218 : 1105408 2460692 0 0 0 0 0 0 0 
_1.ptx 219 : 1105408 14332122 0 130048 130048 0 0 0 0 
_1.ptx 220 : 1105408 12384507 0 0 0 0 0 0 0 
_1.ptx 221 : 1105408 9090089 0 0 0 0 0 0 0 
_1.ptx 222 : 1105408 2445809 0 0 0 0 0 0 0 
_1.ptx 223 : 1105408 16003167 0 585216 130048 0 0 0 0 
_1.ptx 224 : 2080768 12795744 0 0 0 0 0 0 0 
_1.ptx 225 : 2080768 12957392 0 0 0 0 0 0 0 
_1.ptx 226 : 2080768 21369552 0 0 0 0 0 0 0 
_1.ptx 227 : 2080768 15174768 0 0 0 0 0 0 0 
_1.ptx 228 : 2080768 12071248 0 0 0 0 0 0 0 
_1.ptx 229 : 130048 831744 0 0 0 0 0 0 0 
_1.ptx 230 : 1950720 16069264 0 0 0 0 0 0 0 
_1.ptx 231 : 1950720 12046848 0 0 0 0 0 0 0 
_1.ptx 232 : 1950720 6061265 0 0 0 0 0 0 121920 
_1.ptx 233 : 975360 10023716 0 0 0 0 0 0 0 
_1.ptx 234 : 975360 10993559 0 0 0 0 0 0 0 
_1.ptx 235 : 975360 7181223 0 0 0 0 0 0 0 
_1.ptx 236 : 975360 7215448 0 0 0 0 0 0 0 
_1.ptx 237 : 975360 10915437 0 0 0 0 0 0 0 
_1.ptx 238 : 975360 10961625 0 0 0 0 0 0 0 
_1.ptx 239 : 975360 7161214 0 0 0 0 0 0 0 
_1.ptx 240 : 975360 7135059 0 0 0 0 0 0 0 
_1.ptx 241 : 975360 10067570 0 0 0 0 0 0 0 
_1.ptx 242 : 975360 12410841 0 121920 121920 0 0 0 0 
_1.ptx 243 : 975360 10261336 0 121920 121920 0 0 0 0 
_1.ptx 244 : 975360 10945109 0 0 0 0 0 0 0 
_1.ptx 245 : 975360 11017912 0 0 0 0 0 0 0 
_1.ptx 246 : 975360 10790602 0 121920 121920 0 0 0 0 
_1.ptx 247 : 975360 8031919 0 0 0 0 0 0 0 
_1.ptx 248 : 975360 2143963 0 0 0 0 0 0 0 
_1.ptx 249 : 975360 10939871 0 0 0 0 0 0 0 
_1.ptx 250 : 975360 8038207 0 0 0 0 0 0 0 
_1.ptx 251 : 975360 2166572 0 0 0 0 0 0 0 
_1.ptx 252 : 975360 13686739 0 520192 121920 0 0 0 0 
_1.ptx 253 : 1950720 12032928 0 0 0 0 0 0 0 
_1.ptx 254 : 1950720 12086160 0 0 0 0 0 0 0 
_1.ptx 255 : 1950720 19994896 0 0 0 0 0 0 0 
_1.ptx 256 : 1950720 14294336 0 0 0 0 0 0 0 
_1.ptx 257 : 1950720 11386864 0 0 0 0 0 0 0 
_1.ptx 258 : 130048 1313024 0 0 0 0 0 0 0 
_1.ptx 259 : 130048 2909920 0 8128 8128 0 0 0 0 
_1.ptx 260 : 130048 1318720 0 0 0 0 0 0 0 
_1.ptx 261 : 130048 1309984 0 0 0 0 0 0 0 
_1.ptx 262 : 130048 1324704 0 0 0 0 0 0 0 
_1.ptx 263 : 130048 4632976 899840 0 0 12160 8128 0 0 
_1.ptx 264 : 130048 1337808 0 0 0 0 0 0 0 
_1.ptx 265 : 130048 4535792 0 8128 8128 0 0 0 0 
_1.ptx 266 : 130048 1314416 0 0 0 0 0 0 0 
_1.ptx 267 : 130048 4771088 899968 0 0 12160 8128 0 0 
_1.ptx 268 : 130048 1318288 0 0 0 0 0 0 0 
_1.ptx 269 : 130048 4776560 0 8128 8128 0 0 0 0 
_1.ptx 270 : 130048 1312896 0 0 0 0 0 0 0 
_1.ptx 271 : 130048 1318480 0 0 0 0 0 0 0 
_1.ptx 272 : 130048 4902112 899392 0 0 12160 8128 0 0 
_1.ptx 273 : 130048 1335456 0 0 0 0 0 0 0 
_1.ptx 274 : 130048 4992240 0 8128 8128 0 0 0 0 
_1.ptx 275 : 130048 1307552 0 0 0 0 0 0 0 
_1.ptx 276 : 130048 4971968 904448 0 0 12160 8128 0 0 
_1.ptx 277 : 130048 1317184 0 0 0 0 0 0 0 
_1.ptx 278 : 130048 5117376 0 8128 8128 0 0 0 0 
_1.ptx 279 : 130048 1307568 0 0 0 0 0 0 0 
_1.ptx 280 : 130048 1322160 0 0 0 0 0 0 0 
_1.ptx 281 : 130048 4980192 904640 0 0 12160 8128 0 0 
_1.ptx 282 : 130048 1369568 0 0 0 0 0 0 0 
_1.ptx 283 : 130048 5213536 0 8128 8128 0 0 0 0 
_1.ptx 284 : 130048 1311120 0 0 0 0 0 0 0 
_1.ptx 285 : 130048 4891280 904640 0 0 12160 8128 0 0 
_1.ptx 286 : 130048 1319184 0 0 0 0 0 0 0 
_1.ptx 287 : 130048 5184928 0 8128 8128 0 0 0 0 
_1.ptx 288 : 130048 1314288 0 0 0 0 0 0 0 
_1.ptx 289 : 130048 1316736 0 0 0 0 0 0 0 
_1.ptx 290 : 130048 4962960 776512 0 0 12160 8128 0 0 
_1.ptx 291 : 130048 1331312 0 0 0 0 0 0 0 
_1.ptx 292 : 130048 5188944 0 8128 8128 0 0 0 0 
_1.ptx 293 : 130048 1311696 0 0 0 0 0 0 0 
_1.ptx 294 : 130048 5213824 907808 0 0 12160 8128 0 0 
_1.ptx 295 : 130048 1315664 0 0 0 0 0 0 0 
_1.ptx 296 : 130048 5508240 0 8128 8128 0 0 0 0 
_1.ptx 297 : 130048 1313184 0 0 0 0 0 0 0 
_1.ptx 298 : 130048 1318576 0 0 0 0 0 0 0 
_1.ptx 299 : 130048 5176000 907296 0 0 12160 8128 0 0 
_1.ptx 300 : 130048 1365472 0 0 0 0 0 0 0 
_1.ptx 301 : 130048 5623296 0 8128 8128 0 0 0 0 
_1.ptx 302 : 130048 1323040 0 0 0 0 0 0 0 
_1.ptx 303 : 130048 5585376 907360 0 0 12160 8128 0 0 
_1.ptx 304 : 130048 1319216 0 0 0 0 0 0 0 
_1.ptx 305 : 130048 5853712 0 8128 8128 0 0 0 0 
_1.ptx 306 : 130048 1319184 0 0 0 0 0 0 0 
_1.ptx 307 : 130048 1315088 0 0 0 0 0 0 0 
_1.ptx 308 : 130048 5411472 907200 0 0 12160 8128 0 0 
_1.ptx 309 : 130048 1328880 0 0 0 0 0 0 0 
_1.ptx 310 : 130048 5843120 0 8128 8128 0 0 0 0 
_1.ptx 311 : 130048 1334528 0 0 0 0 0 0 0 
_1.ptx 312 : 130048 5654960 908352 0 0 12160 8128 0 0 
_1.ptx 313 : 130048 1314480 0 0 0 0 0 0 0 
_1.ptx 314 : 130048 6084816 0 8128 8128 0 0 0 0 
_1.ptx 315 : 130048 1311104 0 0 0 0 0 0 0 
_1.ptx 316 : 130048 1317808 0 0 0 0 0 0 0 
_1.ptx 317 : 130048 5684976 908352 0 0 12160 8128 0 0 
_1.ptx 318 : 130048 1360416 0 0 0 0 0 0 0 
_1.ptx 319 : 130048 6134208 0 8128 8128 0 0 0 0 
_1.ptx 320 : 130048 1312800 0 0 0 0 0 0 0 
_1.ptx 321 : 130048 5768048 908480 0 0 12160 8128 0 0 
_1.ptx 322 : 130048 1318256 0 0 0 0 0 0 0 
_1.ptx 323 : 130048 6164720 0 8128 8128 0 0 0 0 
_1.ptx 324 : 130048 1312560 0 0 0 0 0 0 0 
_1.ptx 325 : 130048 1313056 0 0 0 0 0 0 0 
_1.ptx 326 : 130048 5109152 519040 0 0 8128 8128 0 0 
_1.ptx 327 : 130048 1313568 0 0 0 0 0 0 0 
_1.ptx 328 : 130048 5126032 0 8128 8128 0 0 0 0 
_1.ptx 329 : 130048 6220416 901952 0 0 12224 8128 0 0 
_1.ptx 331 : 130048 787488 0 0 0 0 0 0 0 
_1.ptx 351 : 132096 792624 0 0 0 0 0 0 0 
_1.ptx 352 : 132096 1321072 0 0 0 0 0 0 0 
_1.ptx 353 : 132096 1003424 0 8256 8256 0 0 0 0 
_1.ptx 354 : 132096 1339552 0 0 0 0 0 0 0 
_1.ptx 355 : 132096 1715072 0 0 0 0 0 0 0 
_1.ptx 356 : 132096 924800 0 0 0 0 0 0 0 
_1.ptx 357 : 132096 1776528 0 0 0 0 0 0 0 
_1.ptx 358 : 132096 930400 0 0 0 0 0 0 0 
_1.ptx 359 : 132096 959664 0 0 0 0 0 0 0 
_1.ptx 360 : 132096 974592 0 0 0 0 0 0 0 
_1.ptx 361 : 132096 1734288 0 0 0 0 0 0 0 
_1.ptx 362 : 132096 1481616 0 0 0 0 0 0 0 
_1.ptx 363 : 132096 1500336 0 0 0 0 0 0 0 
_1.ptx 364 : 132096 973168 0 0 0 0 0 0 0 
_1.ptx 365 : 132096 1049680 0 0 0 0 0 0 0 
_1.ptx 366 : 132096 1016544 0 0 0 0 0 0 0 
_1.ptx 367 : 132096 58831 0 0 0 0 0 0 0 
_1.ptx 368 : 132096 82830 0 0 0 0 0 0 0 
_1.ptx 369 : 132096 5265763 983040 0 0 8256 8256 0 0 
_1.ptx 370 : 132096 441099 0 8256 8256 0 0 0 0 
_1.ptx 371 : 132096 1458160 0 0 0 0 0 0 0 
_1.ptx 372 : 132096 1322592 0 0 0 0 0 0 0 
_1.ptx 373 : 132096 1324416 0 0 0 0 0 0 0 
_1.ptx 374 : 132096 941440 0 0 0 0 0 0 0 
_1.ptx 375 : 132096 964224 0 0 0 0 0 0 0 
_1.ptx 376 : 132096 1325344 0 0 0 0 0 0 0 
_1.ptx 377 : 132096 1325680 0 0 0 0 0 0 0 
_1.ptx 378 : 132096 1323120 0 0 0 0 0 0 0 
_1.ptx 379 : 132096 59465920 1586816 0 0 12416 8256 0 0 
_1.ptx 380 : 132096 935952 0 0 0 0 0 0 0 
_1.ptx 381 : 132096 1327136 0 0 0 0 0 0 0 
_1.ptx 382 : 132096 64747808 1586816 0 0 12416 8256 0 0 
_1.ptx 383 : 132096 797312 0 0 0 0 0 0 0 
_1.ptx 384 : 132096 1327824 0 0 0 0 0 0 0 
_1.ptx 385 : 132096 806656 0 0 0 0 0 0 0 
_1.ptx 386 : 132096 1458528 0 0 0 0 0 0 0 
_1.ptx 387 : 132096 1456160 0 0 0 0 0 0 0 
_1.ptx 388 : 132096 1460064 0 0 0 0 0 0 0 
_1.ptx 389 : 132096 940160 0 0 0 0 0 0 0 
_1.ptx 390 : 132096 929488 0 0 0 0 0 0 0 
_1.ptx 391 : 132096 929040 0 0 0 0 0 0 0 
_1.ptx 392 : 132096 1323168 0 0 0 0 0 0 0 
_1.ptx 393 : 132096 18996800 0 8256 8256 0 0 0 0 
_1.ptx 394 : 132096 1323152 0 0 0 0 0 0 0 
_1.ptx 395 : 132096 1323936 0 0 0 0 0 0 0 
_1.ptx 396 : 132096 1325984 0 0 0 0 0 0 0 
_1.ptx 397 : 132096 63522384 1586816 0 0 12416 8256 0 0 
_1.ptx 398 : 132096 22185360 0 8256 8256 0 0 0 0 
_1.ptx 399 : 132096 1325024 0 0 0 0 0 0 0 
_1.ptx 400 : 132096 65216720 1586816 0 0 12416 8256 0 0 
_1.ptx 401 : 132096 1324960 0 0 0 0 0 0 0 
_1.ptx 402 : 132096 66729024 1587072 0 0 12416 8256 0 0 
_1.ptx 403 : 132096 18948848 0 8256 8256 0 0 0 0 
_1.ptx 404 : 132096 797568 0 0 0 0 0 0 0 
_1.ptx 405 : 132096 17976752 0 8256 8256 0 0 0 0 
_1.ptx 406 : 132096 1340288 0 0 0 0 0 0 0 
_1.ptx 407 : 132096 1468368 0 0 0 0 0 0 0 
_1.ptx 408 : 132096 1339008 0 0 0 0 0 0 0 
_1.ptx 409 : 132096 15753024 0 8256 8256 0 0 0 0 
_1.ptx 410 : 132096 1466000 0 0 0 0 0 0 0 
_1.ptx 411 : 132096 1469248 0 0 0 0 0 0 0 
_1.ptx 412 : 132096 1477072 0 0 0 0 0 0 0 
_1.ptx 413 : 132096 1469840 0 0 0 0 0 0 0 
_1.ptx 414 : 132096 941552 0 0 0 0 0 0 0 
_1.ptx 415 : 132096 940352 0 0 0 0 0 0 0 
_1.ptx 416 : 132096 936816 0 0 0 0 0 0 0 
_1.ptx 417 : 132096 936112 0 0 0 0 0 0 0 
_1.ptx 418 : 132096 1326608 0 0 0 0 0 0 0 
_1.ptx 419 : 132096 1326032 0 0 0 0 0 0 0 
_1.ptx 420 : 132096 1326672 0 0 0 0 0 0 0 
_1.ptx 421 : 132096 1328992 0 0 0 0 0 0 0 
_1.ptx 422 : 132096 1330320 0 0 0 0 0 0 0 
_1.ptx 423 : 132096 60229856 1587072 0 0 12416 8256 0 0 
_1.ptx 424 : 132096 1327920 0 0 0 0 0 0 0 
_1.ptx 425 : 132096 65871376 1587072 0 0 12416 8256 0 0 
_1.ptx 426 : 132096 1325920 0 0 0 0 0 0 0 
_1.ptx 427 : 132096 69676576 1587072 0 0 12416 8256 0 0 
_1.ptx 428 : 132096 1326400 0 0 0 0 0 0 0 
_1.ptx 429 : 132096 70007504 1587328 0 0 12416 8256 0 0 
_1.ptx 430 : 132096 21821264 0 8256 8256 0 0 0 0 
_1.ptx 431 : 132096 19001536 0 8256 8256 0 0 0 0 
_1.ptx 432 : 132096 15494144 0 8256 8256 0 0 0 0 
_1.ptx 433 : 132096 797392 0 0 0 0 0 0 0 
_1.ptx 434 : 132096 1472832 0 0 0 0 0 0 0 
_1.ptx 435 : 132096 1721984 0 0 0 0 0 0 0 
_1.ptx 436 : 132096 17689312 0 8256 8256 0 0 0 0 
_1.ptx 437 : 132096 934416 0 0 0 0 0 0 0 
_1.ptx 438 : 132096 1335520 0 0 0 0 0 0 0 
_1.ptx 439 : 132096 16866384 0 8256 8256 0 0 0 0 
_1.ptx 440 : 132096 1459840 0 0 0 0 0 0 0 
_1.ptx 441 : 132096 1726144 0 0 0 0 0 0 0 
_1.ptx 442 : 132096 1527760 0 0 0 0 0 0 0 
_1.ptx 443 : 132096 1458592 0 0 0 0 0 0 0 
_1.ptx 444 : 132096 1458752 0 0 0 0 0 0 0 
_1.ptx 445 : 132096 936288 0 0 0 0 0 0 0 
_1.ptx 446 : 132096 936064 0 0 0 0 0 0 0 
_1.ptx 447 : 132096 933872 0 0 0 0 0 0 0 
_1.ptx 448 : 132096 1328784 0 0 0 0 0 0 0 
_1.ptx 449 : 132096 1329488 0 0 0 0 0 0 0 
_1.ptx 450 : 132096 1330896 0 0 0 0 0 0 0 
_1.ptx 451 : 132096 1327584 0 0 0 0 0 0 0 
_1.ptx 452 : 132096 64334160 1587328 0 0 12416 8256 0 0 
_1.ptx 453 : 132096 1327888 0 0 0 0 0 0 0 
_1.ptx 454 : 132096 68585888 1587328 0 0 12416 8256 0 0 
_1.ptx 455 : 132096 1324640 0 0 0 0 0 0 0 
_1.ptx 456 : 132096 72725584 1587328 0 0 12416 8256 0 0 
_1.ptx 457 : 132096 21562384 0 8256 8256 0 0 0 0 
_1.ptx 458 : 132096 1459968 0 0 0 0 0 0 0 
_1.ptx 459 : 132096 18931952 0 8256 8256 0 0 0 0 
_1.ptx 460 : 132096 19484112 0 8256 8256 0 0 0 0 
_1.ptx 461 : 132096 799648 0 0 0 0 0 0 0 
_1.ptx 462 : 132096 1467552 0 0 0 0 0 0 0 
_1.ptx 463 : 132096 1722944 0 0 0 0 0 0 0 
_1.ptx 464 : 132096 932832 0 0 0 0 0 0 0 
_1.ptx 465 : 132096 1720976 0 0 0 0 0 0 0 
_1.ptx 466 : 132096 797120 0 0 0 0 0 0 0 
_1.ptx 467 : 132096 1461616 0 0 0 0 0 0 0 
_1.ptx 468 : 132096 1357872 0 0 0 0 0 0 0 
_1.ptx 469 : 132096 1563936 0 0 0 0 0 0 0 
_1.ptx 470 : 132096 1457088 0 0 0 0 0 0 0 
_1.ptx 471 : 132096 1457376 0 0 0 0 0 0 0 
_1.ptx 472 : 132096 1580480 0 0 0 0 0 0 0 
_1.ptx 473 : 132096 942048 0 0 0 0 0 0 0 
_1.ptx 474 : 132096 933616 0 0 0 0 0 0 0 
_1.ptx 475 : 132096 934656 0 0 0 0 0 0 0 
_1.ptx 476 : 132096 946096 0 0 0 0 0 0 0 
_1.ptx 477 : 132096 1327824 0 0 0 0 0 0 0 
_1.ptx 478 : 132096 1328368 0 0 0 0 0 0 0 
_1.ptx 479 : 132096 1330736 0 0 0 0 0 0 0 
_1.ptx 480 : 132096 1329536 0 0 0 0 0 0 0 
_1.ptx 481 : 132096 1327968 0 0 0 0 0 0 0 
_1.ptx 482 : 132096 74507072 1587328 0 0 12416 8256 0 0 
_1.ptx 483 : 132096 1324752 0 0 0 0 0 0 0 
_1.ptx 484 : 132096 75368944 1056000 0 0 8256 8256 0 0 
_1.ptx 485 : 132096 1324272 0 0 0 0 0 0 0 
_1.ptx 486 : 132096 73127856 1579136 0 0 12352 8256 0 0 
_1.ptx 487 : 132096 1329504 0 0 0 0 0 0 0 
_1.ptx 488 : 132096 69851264 1587328 0 0 12416 8256 0 0 
_1.ptx 489 : 132096 25947952 0 8256 8256 0 0 0 0 
_1.ptx 490 : 132096 34260384 0 8256 8256 0 0 0 0 
_1.ptx 491 : 132096 29422624 0 8256 8256 0 0 0 0 
_1.ptx 492 : 132096 22732384 0 8256 8256 0 0 0 0 
_1.ptx 493 : 132096 799632 0 0 0 0 0 0 0 
_1.ptx 494 : 132096 15685600 0 8256 8256 0 0 0 0 
_1.ptx 495 : 132096 1476448 0 0 0 0 0 0 0 
_1.ptx 496 : 132096 1728592 0 0 0 0 0 0 0 
_1.ptx 497 : 132096 936320 0 0 0 0 0 0 0 
_1.ptx 498 : 132096 1723056 0 0 0 0 0 0 0 
_1.ptx 499 : 132096 1332480 0 0 0 0 0 0 0 
_1.ptx 500 : 132096 1462240 0 0 0 0 0 0 0 
_1.ptx 501 : 132096 940784 0 0 0 0 0 0 0 
_1.ptx 502 : 132096 1335248 0 0 0 0 0 0 0 
_1.ptx 503 : 132096 197018512 16699264 0 0 132096 8256 0 0 
_1.ptx 504 : 132096 29755280 0 8256 8256 0 0 0 0 
_1.ptx 505 : 132096 798400 0 0 0 0 0 0 0 
_1.ptx 506 : 132096 937712 0 0 0 0 0 0 0 
_1.ptx 507 : 132096 1335952 0 0 0 0 0 0 0 
_1.ptx 508 : 132096 1335888 0 0 0 0 0 0 0 
_1.ptx 509 : 132096 62417616 1420800 0 0 12416 8256 0 0 
_1.ptx 510 : 132096 16089168 0 8256 8256 0 0 0 0 
_1.ptx 511 : 132096 799456 0 0 0 0 0 0 0 
_1.ptx 512 : 132096 937024 0 0 0 0 0 0 0 
_1.ptx 513 : 2113536 17327712 0 0 0 0 0 0 0 
_1.ptx 514 : 2113536 12969056 0 0 0 0 0 0 0 
_1.ptx 515 : 2113536 6106525 0 0 0 0 0 0 123840 
_1.ptx 516 : 1122816 12565684 0 0 0 0 0 0 0 
_1.ptx 517 : 1122816 8199419 0 0 0 0 0 0 0 
_1.ptx 518 : 1122816 12558427 0 0 0 0 0 0 0 
_1.ptx 519 : 1122816 8216084 0 0 0 0 0 0 0 
_1.ptx 520 : 1122816 8182363 0 0 0 0 0 0 0 
_1.ptx 521 : 1122816 12595333 0 0 0 0 0 0 0 
_1.ptx 522 : 1122816 11625195 0 0 0 0 0 0 0 
_1.ptx 523 : 1122816 8210523 0 0 0 0 0 0 0 
_1.ptx 524 : 1122816 24833626 0 132096 132096 0 0 0 0 
_1.ptx 525 : 1122816 19748223 0 132096 132096 0 0 0 0 
_1.ptx 526 : 1122816 12565348 0 0 0 0 0 0 0 
_1.ptx 527 : 1122816 12584502 0 0 0 0 0 0 0 
_1.ptx 528 : 1122816 9194337 0 0 0 0 0 0 0 
_1.ptx 529 : 1122816 3107175 0 0 0 0 0 0 0 
_1.ptx 530 : 1122816 12843773 0 132096 132096 0 0 0 0 
_1.ptx 531 : 1122816 12577301 0 0 0 0 0 0 0 
_1.ptx 532 : 1122816 9208220 0 0 0 0 0 0 0 
_1.ptx 533 : 1122816 3165897 0 0 0 0 0 0 0 
_1.ptx 534 : 1122816 14358438 0 594432 132096 0 0 0 0 
_1.ptx 535 : 2113536 12983056 0 0 0 0 0 0 0 
_1.ptx 536 : 2113536 13124288 0 0 0 0 0 0 0 
_1.ptx 537 : 2113536 21609456 0 0 0 0 0 0 0 
_1.ptx 538 : 2113536 15335600 0 0 0 0 0 0 0 
_1.ptx 539 : 2113536 12254224 0 0 0 0 0 0 0 
_1.ptx 540 : 132096 841536 0 0 0 0 0 0 0 
_1.ptx 541 : 1981440 16337600 0 0 0 0 0 0 0 
_1.ptx 542 : 1981440 12237328 0 0 0 0 0 0 0 
_1.ptx 543 : 1981440 6146352 0 0 0 0 0 0 123840 
_1.ptx 544 : 990720 10189503 0 0 0 0 0 0 0 
_1.ptx 545 : 990720 11171420 0 0 0 0 0 0 0 
_1.ptx 546 : 990720 7280466 0 0 0 0 0 0 0 
_1.ptx 547 : 990720 11159661 0 0 0 0 0 0 0 
_1.ptx 548 : 990720 7295875 0 0 0 0 0 0 0 
_1.ptx 549 : 990720 7225968 0 0 0 0 0 0 0 
_1.ptx 550 : 990720 11094690 0 0 0 0 0 0 0 
_1.ptx 551 : 990720 10216633 0 0 0 0 0 0 0 
_1.ptx 552 : 990720 7313591 0 0 0 0 0 0 0 
_1.ptx 553 : 990720 10486501 0 123840 123840 0 0 0 0 
_1.ptx 554 : 990720 11330531 0 123840 123840 0 0 0 0 
_1.ptx 555 : 990720 11180305 0 0 0 0 0 0 0 
_1.ptx 556 : 990720 11329086 0 0 0 0 0 0 0 
_1.ptx 557 : 990720 10529481 0 123840 123840 0 0 0 0 
_1.ptx 558 : 990720 8148509 0 0 0 0 0 0 0 
_1.ptx 559 : 990720 2752682 0 0 0 0 0 0 0 
_1.ptx 560 : 990720 11214955 0 0 0 0 0 0 0 
_1.ptx 561 : 990720 8152251 0 0 0 0 0 0 0 
_1.ptx 562 : 990720 2781155 0 0 0 0 0 0 0 
_1.ptx 563 : 990720 13610218 0 528384 123840 0 0 0 0 
_1.ptx 564 : 1981440 12219536 0 0 0 0 0 0 0 
_1.ptx 565 : 1981440 12283280 0 0 0 0 0 0 0 
_1.ptx 566 : 1981440 20335936 0 0 0 0 0 0 0 
_1.ptx 567 : 1981440 14492192 0 0 0 0 0 0 0 
_1.ptx 568 : 1981440 11510384 0 0 0 0 0 0 0 
_1.ptx 569 : 132096 1333984 0 0 0 0 0 0 0 
_1.ptx 570 : 132096 3109520 0 8256 8256 0 0 0 0 
_1.ptx 571 : 132096 1341552 0 0 0 0 0 0 0 
_1.ptx 572 : 132096 1334352 0 0 0 0 0 0 0 
_1.ptx 573 : 132096 1350624 0 0 0 0 0 0 0 
_1.ptx 574 : 132096 5124432 912192 0 0 12416 8256 0 0 
_1.ptx 575 : 132096 1360560 0 0 0 0 0 0 0 
_1.ptx 576 : 132096 4850976 0 8256 8256 0 0 0 0 
_1.ptx 577 : 132096 1335840 0 0 0 0 0 0 0 
_1.ptx 578 : 132096 5409792 912128 0 0 12416 8256 0 0 
_1.ptx 579 : 132096 1338992 0 0 0 0 0 0 0 
_1.ptx 580 : 132096 5402560 0 8256 8256 0 0 0 0 
_1.ptx 581 : 132096 1334032 0 0 0 0 0 0 0 
_1.ptx 582 : 132096 1340464 0 0 0 0 0 0 0 
_1.ptx 583 : 132096 5148672 909632 0 0 12416 8256 0 0 
_1.ptx 584 : 132096 1353424 0 0 0 0 0 0 0 
_1.ptx 585 : 132096 5197696 0 8256 8256 0 0 0 0 
_1.ptx 586 : 132096 1328256 0 0 0 0 0 0 0 
_1.ptx 587 : 132096 5360624 915648 0 0 12416 8256 0 0 
_1.ptx 588 : 132096 1338000 0 0 0 0 0 0 0 
_1.ptx 589 : 132096 5494544 0 8256 8256 0 0 0 0 
_1.ptx 590 : 132096 1328176 0 0 0 0 0 0 0 
_1.ptx 591 : 132096 1345248 0 0 0 0 0 0 0 
_1.ptx 592 : 132096 5361712 916480 0 0 12416 8256 0 0 
_1.ptx 593 : 132096 1388800 0 0 0 0 0 0 0 
_1.ptx 594 : 132096 5578960 0 8256 8256 0 0 0 0 
_1.ptx 595 : 132096 1331168 0 0 0 0 0 0 0 
_1.ptx 596 : 132096 5338944 916224 0 0 12416 8256 0 0 
_1.ptx 597 : 132096 1338432 0 0 0 0 0 0 0 
_1.ptx 598 : 132096 5590176 0 8256 8256 0 0 0 0 
_1.ptx 599 : 132096 1333664 0 0 0 0 0 0 0 
_1.ptx 600 : 132096 1338112 0 0 0 0 0 0 0 
_1.ptx 601 : 132096 5364784 783520 0 0 12416 8256 0 0 
_1.ptx 602 : 132096 1352096 0 0 0 0 0 0 0 
_1.ptx 603 : 132096 5715696 0 8256 8256 0 0 0 0 
_1.ptx 604 : 132096 1332048 0 0 0 0 0 0 0 
_1.ptx 605 : 132096 5573312 920256 0 0 12416 8256 0 0 
_1.ptx 606 : 132096 1337744 0 0 0 0 0 0 0 
_1.ptx 607 : 132096 5776080 0 8256 8256 0 0 0 0 
_1.ptx 608 : 132096 1332784 0 0 0 0 0 0 0 
_1.ptx 609 : 132096 1338896 0 0 0 0 0 0 0 
_1.ptx 610 : 132096 5704928 920160 0 0 12416 8256 0 0 
_1.ptx 611 : 132096 1385104 0 0 0 0 0 0 0 
_1.ptx 612 : 132096 6012016 0 8256 8256 0 0 0 0 
_1.ptx 613 : 132096 1339008 0 0 0 0 0 0 0 
_1.ptx 614 : 132096 6025360 920192 0 0 12416 8256 0 0 
_1.ptx 615 : 132096 1337792 0 0 0 0 0 0 0 
_1.ptx 616 : 132096 6398112 0 8256 8256 0 0 0 0 
_1.ptx 617 : 132096 1349808 0 0 0 0 0 0 0 
_1.ptx 618 : 132096 1337264 0 0 0 0 0 0 0 
_1.ptx 619 : 132096 5904608 919680 0 0 12416 8256 0 0 
_1.ptx 620 : 132096 1346784 0 0 0 0 0 0 0 
_1.ptx 621 : 132096 6328528 0 8256 8256 0 0 0 0 
_1.ptx 622 : 132096 1338480 0 0 0 0 0 0 0 
_1.ptx 623 : 132096 6155264 920800 0 0 12416 8256 0 0 
_1.ptx 624 : 132096 1336032 0 0 0 0 0 0 0 
_1.ptx 625 : 132096 6544704 0 8256 8256 0 0 0 0 
_1.ptx 626 : 132096 1350880 0 0 0 0 0 0 0 
_1.ptx 627 : 132096 1337472 0 0 0 0 0 0 0 
_1.ptx 628 : 132096 6226448 920672 0 0 12416 8256 0 0 
_1.ptx 629 : 132096 1381808 0 0 0 0 0 0 0 
_1.ptx 630 : 132096 6640576 0 8256 8256 0 0 0 0 
_1.ptx 631 : 132096 1334720 0 0 0 0 0 0 0 
_1.ptx 632 : 132096 6114944 920736 0 0 12416 8256 0 0 
_1.ptx 633 : 132096 1334048 0 0 0 0 0 0 0 
_1.ptx 634 : 132096 5921280 0 8256 8256 0 0 0 0 
_1.ptx 635 : 132096 1334160 0 0 0 0 0 0 0 
_1.ptx 636 : 132096 1333264 0 0 0 0 0 0 0 
_1.ptx 637 : 132096 5643104 527296 0 0 8256 8256 0 0 
_1.ptx 638 : 132096 1337520 0 0 0 0 0 0 0 
_1.ptx 639 : 132096 6031952 0 8256 8256 0 0 0 0 
_1.ptx 640 : 132096 6876176 919872 0 0 12352 8256 0 0 
_1.ptx 642 : 132096 799104 0 0 0 0 0 0 0 
