kernel line : count latency dram_traffic smem_bk_conflicts smem_warp gmem_access_generated gmem_warp exposed_latency warp_divergence
_1.ptx 818 : 140096 1126512 0 0 0 0 0 0 0 
_1.ptx 819 : 140096 1145712 0 0 0 0 0 0 0 
_1.ptx 820 : 140096 0 0 0 0 0 0 0 0 
_1.ptx 821 : 140096 993984 0 0 0 0 0 0 0 
_1.ptx 822 : 140096 1665744 0 4776 4776 0 0 0 0 
_1.ptx 823 : 140096 1008752 0 0 0 0 0 0 0 
_1.ptx 824 : 140096 1149040 0 0 0 0 0 0 0 
_1.ptx 825 : 140096 1022208 0 0 0 0 0 0 0 
_1.ptx 826 : 140096 1552224 0 0 0 0 0 0 0 
_1.ptx 827 : 140096 1145840 0 0 0 0 0 0 0 
_1.ptx 828 : 140096 1153968 0 0 0 0 0 0 0 
_1.ptx 829 : 140096 1156080 0 0 0 0 0 0 0 
_1.ptx 830 : 140096 1029728 0 0 0 0 0 0 0 
_1.ptx 831 : 140096 1567600 0 0 0 0 0 0 0 
_1.ptx 832 : 140096 1653872 0 0 0 0 0 0 0 
_1.ptx 833 : 140096 1157536 0 0 0 0 0 0 0 
_1.ptx 834 : 140096 1158992 0 0 0 0 0 0 0 
_1.ptx 835 : 140096 1161024 0 0 0 0 0 0 0 
_1.ptx 836 : 140096 1550528 0 0 0 0 0 0 0 
_1.ptx 837 : 3502400 30193920 0 0 0 0 0 0 0 
_1.ptx 838 : 3502400 27306634 0 0 0 0 0 0 0 
_1.ptx 839 : 3502400 24533168 0 0 0 0 0 0 0 
_1.ptx 840 : 3502400 702649 0 0 0 0 0 0 18242 
_1.ptx 841 : 3402638 26738845 0 0 0 0 0 0 0 
_1.ptx 842 : 3402638 0 0 0 0 0 0 0 0 
_1.ptx 843 : 3402638 39396472 0 0 0 0 0 0 0 
_1.ptx 844 : 3402638 26768499 0 0 0 0 0 0 0 
_1.ptx 845 : 3402638 36678931 0 0 0 0 0 0 0 
_1.ptx 846 : 85065950 741585345 0 0 0 0 0 0 0 
_1.ptx 847 : 85065950 679958569 0 0 0 0 0 0 0 
_1.ptx 848 : 85065950 604283673 0 0 0 0 0 0 0 
_1.ptx 849 : 85065950 5788001 0 0 0 0 0 0 455 
_1.ptx 850 : 84254450 725575240 0 0 0 0 0 0 0 
_1.ptx 851 : 84254450 664003517 0 0 0 0 0 0 0 
_1.ptx 852 : 84254450 1002187838 2560 0 0 0 0 0 0 
_1.ptx 853 : 84254450 718708603 0 0 0 0 0 0 0 
_1.ptx 854 : 84254450 170303574 0 0 0 0 0 0 0 
_1.ptx 855 : 59905892 696578424 0 2090300 2090300 0 0 0 0 
_1.ptx 856 : 59905892 725339623 0 0 0 0 0 0 0 
_1.ptx 857 : 59905892 818645467 0 0 0 0 0 0 0 
_1.ptx 858 : 59905892 485176105 0 0 0 0 0 0 0 
_1.ptx 859 : 59905892 806795188 0 0 0 0 0 0 0 
_1.ptx 860 : 59905892 697818157 0 0 0 0 0 0 0 
_1.ptx 861 : 59905892 32432562950 560640 0 0 0 0 0 0 
_1.ptx 862 : 59905892 520394596 0 0 0 0 0 0 0 
_1.ptx 863 : 59905892 7052819 0 0 0 0 0 0 0 
_1.ptx 864 : 85065950 609571818 0 0 0 0 0 0 0 
_1.ptx 865 : 85065950 937407701 0 0 0 0 0 0 0 
_1.ptx 866 : 85065950 751509265 0 0 0 0 0 0 0 
_1.ptx 867 : 85065950 950588708 0 0 0 0 0 0 0 
_1.ptx 868 : 85065950 594945616 0 0 0 0 0 0 0 
_1.ptx 869 : 3502400 25611328 0 0 0 0 0 0 0 
_1.ptx 870 : 3502400 38126272 0 0 0 0 0 0 0 
_1.ptx 871 : 3502400 30499616 0 0 0 0 0 0 0 
_1.ptx 872 : 3502400 38425888 0 0 0 0 0 0 0 
_1.ptx 873 : 3502400 24232608 0 0 0 0 0 0 0 
_1.ptx 874 : 140096 1010448 0 0 0 0 0 0 0 
_1.ptx 875 : 140096 1027104 0 0 0 0 0 0 0 
_1.ptx 880 : 140096 1791216 0 4776 4776 0 0 0 0 
_1.ptx 881 : 140096 1629808 0 0 0 0 0 0 0 
_1.ptx 882 : 140096 1868496 0 0 0 0 0 0 0 
_1.ptx 883 : 140096 1131072 0 0 0 0 0 0 0 
_1.ptx 884 : 140096 1869152 0 0 0 0 0 0 0 
_1.ptx 885 : 140096 1635168 0 0 0 0 0 0 0 
_1.ptx 886 : 140096 1134320 0 0 0 0 0 0 0 
_1.ptx 887 : 140096 1529680 0 0 0 0 0 0 0 
_1.ptx 888 : 140096 45701536 140992 0 0 140096 4776 0 0 
_1.ptx 889 : 140096 969792 0 0 0 0 0 0 0 
_1.ptx 890 : 140096 1103520 0 0 0 0 0 0 0 
_1.ptx 891 : 140096 1107888 0 0 0 0 0 0 0 
_1.ptx 892 : 140096 1101696 0 0 0 0 0 0 0 
_1.ptx 893 : 140096 3760960 0 0 0 0 0 0 0 
_1.ptx 894 : 140096 1154976 0 0 0 0 0 0 0 
_1.ptx 895 : 140096 1570256 0 0 0 0 0 0 0 
_1.ptx 896 : 140096 1755856 0 0 0 0 0 0 0 
_1.ptx 897 : 140096 1174416 0 0 0 0 0 0 0 
_1.ptx 898 : 140096 1974592 0 0 0 0 0 0 0 
_1.ptx 899 : 140096 2117600 0 0 0 0 0 0 0 
_1.ptx 900 : 140096 1149840 0 0 0 0 0 0 0 
_1.ptx 901 : 140096 2078016 0 0 0 0 0 0 0 
_1.ptx 902 : 140096 1649616 0 0 0 0 0 0 0 
_1.ptx 903 : 140096 1156960 0 0 0 0 0 0 0 
_1.ptx 904 : 140096 1645696 0 0 0 0 0 0 0 
_1.ptx 905 : 140096 1153904 0 0 0 0 0 0 0 
_1.ptx 906 : 140096 1643872 0 0 0 0 0 0 0 
_1.ptx 907 : 140096 1825200 0 0 0 0 0 0 0 
_1.ptx 908 : 140096 2021424 0 0 0 0 0 0 0 
_1.ptx 909 : 140096 1139760 0 0 0 0 0 0 0 
_1.ptx 910 : 140096 1916048 0 0 0 0 0 0 0 
_1.ptx 911 : 140096 1655632 0 0 0 0 0 0 0 
_1.ptx 912 : 140096 1238256 0 0 0 0 0 0 0 
_1.ptx 913 : 140096 1255376 0 0 0 0 0 0 0 
_1.ptx 914 : 140096 1148784 0 0 0 0 0 0 0 
_1.ptx 915 : 140096 1644256 0 0 0 0 0 0 0 
_1.ptx 916 : 140096 1145072 0 0 0 0 0 0 0 
_1.ptx 917 : 140096 1223280 0 0 0 0 0 0 0 
_1.ptx 918 : 140096 1217200 0 0 0 0 0 0 0 
_1.ptx 919 : 140096 1639248 0 0 0 0 0 0 0 
_1.ptx 920 : 140096 0 0 0 0 0 0 0 0 
_1.ptx 921 : 140096 1031792 0 0 0 0 0 0 0 
_1.ptx 923 : 140096 1143856 0 0 0 0 0 0 0 
_1.ptx 924 : 140096 1142848 0 0 0 0 0 0 0 
_1.ptx 925 : 140096 1137104 0 0 0 0 0 0 0 
_1.ptx 926 : 140096 2518976 0 0 0 0 0 0 0 
_1.ptx 927 : 140096 1157904 0 0 0 0 0 0 0 
_1.ptx 928 : 140096 1568080 0 0 0 0 0 0 0 
_1.ptx 929 : 140096 1643184 0 0 0 0 0 0 0 
_1.ptx 930 : 140096 1164240 0 0 0 0 0 0 0 
_1.ptx 931 : 140096 1975680 0 0 0 0 0 0 0 
_1.ptx 932 : 140096 2188560 0 0 0 0 0 0 0 
_1.ptx 933 : 140096 1146672 0 0 0 0 0 0 0 
_1.ptx 934 : 140096 2165824 0 0 0 0 0 0 0 
_1.ptx 935 : 140096 1646336 0 0 0 0 0 0 0 
_1.ptx 936 : 140096 1153248 0 0 0 0 0 0 0 
_1.ptx 937 : 140096 1645984 0 0 0 0 0 0 0 
_1.ptx 938 : 140096 1155296 0 0 0 0 0 0 0 
_1.ptx 939 : 140096 1647504 0 0 0 0 0 0 0 
_1.ptx 940 : 140096 1926928 0 0 0 0 0 0 0 
_1.ptx 941 : 140096 2124176 0 0 0 0 0 0 0 
_1.ptx 942 : 140096 1143584 0 0 0 0 0 0 0 
_1.ptx 943 : 140096 1949712 0 0 0 0 0 0 0 
_1.ptx 944 : 140096 1664080 0 0 0 0 0 0 0 
_1.ptx 945 : 140096 1266240 0 0 0 0 0 0 0 
_1.ptx 946 : 140096 1658800 0 0 0 0 0 0 0 
_1.ptx 947 : 140096 1774144 0 0 0 0 0 0 0 
_1.ptx 948 : 140096 1982096 0 0 0 0 0 0 0 
_1.ptx 949 : 140096 1167968 0 0 0 0 0 0 0 
_1.ptx 950 : 140096 1940000 0 0 0 0 0 0 0 
_1.ptx 951 : 140096 1159728 0 0 0 0 0 0 0 
_1.ptx 952 : 140096 1658256 0 0 0 0 0 0 0 
_1.ptx 953 : 140096 1166432 0 0 0 0 0 0 0 
_1.ptx 954 : 140096 1241056 0 0 0 0 0 0 0 
_1.ptx 955 : 140096 1233008 0 0 0 0 0 0 0 
_1.ptx 956 : 140096 1658592 0 0 0 0 0 0 0 
_1.ptx 957 : 140096 0 0 0 0 0 0 0 0 
_1.ptx 958 : 140096 1057360 0 0 0 0 0 0 0 
_1.ptx 977 : 104300 791118 0 0 0 0 0 0 0 
_1.ptx 978 : 104300 886856 0 0 0 0 0 0 0 
_1.ptx 979 : 104300 928066 0 0 0 0 0 0 0 
_1.ptx 980 : 104300 947638 0 0 0 0 0 0 0 
_1.ptx 981 : 104300 1251533 0 0 0 0 0 0 0 
_1.ptx 982 : 104300 983190 0 0 0 0 0 0 0 
_1.ptx 983 : 730100 5221733 0 0 0 0 0 0 0 
_1.ptx 984 : 730100 7979353 0 0 0 0 0 0 0 
_1.ptx 985 : 730100 7943281 0 0 0 0 0 0 0 
_1.ptx 986 : 730100 6037186 0 0 0 0 0 0 0 
_1.ptx 987 : 730100 5906922 0 0 0 0 0 0 0 
_1.ptx 988 : 730100 5916203 0 0 0 0 0 0 0 
_1.ptx 989 : 730100 5937319 0 0 0 0 0 0 0 
_1.ptx 990 : 730100 5348796 0 0 0 0 0 0 0 
_1.ptx 991 : 730100 5772749 0 0 0 0 0 0 0 
_1.ptx 992 : 730100 5873040 0 0 0 0 0 0 0 
_1.ptx 993 : 730100 5819877 0 0 0 0 0 0 0 
_1.ptx 994 : 109515000 1276230322 0 0 0 0 0 0 0 
_1.ptx 995 : 109515000 4576571962 0 3754800 3754800 0 0 0 0 
_1.ptx 996 : 109515000 1171844812 0 0 0 0 0 0 0 
_1.ptx 997 : 109515000 1577067269 0 0 0 0 0 0 0 
_1.ptx 998 : 109515000 1735057922 0 0 0 0 0 0 0 
_1.ptx 999 : 109515000 916298258 0 0 0 0 0 0 0 
_1.ptx 1000 : 109515000 1675320603 0 0 0 0 0 0 0 
_1.ptx 1001 : 109515000 1274517270 0 0 0 0 0 0 0 
_1.ptx 1002 : 109515000 1285973642 0 0 0 0 0 0 0 
_1.ptx 1003 : 109515000 1198539459 0 0 0 0 0 0 0 
_1.ptx 1004 : 109515000 897566932 0 0 0 0 0 0 0 
_1.ptx 1005 : 109515000 77908626540 556032 0 0 0 0 0 0 
_1.ptx 1006 : 109515000 78333127726 556032 0 0 0 0 0 0 
_1.ptx 1007 : 109515000 1286460120 0 0 0 0 0 0 0 
_1.ptx 1008 : 109515000 1485589175 0 0 0 0 0 0 0 
_1.ptx 1009 : 109515000 878340915 0 0 0 0 0 0 0 
_1.ptx 1010 : 109515000 1282253802 0 0 0 0 0 0 0 
_1.ptx 1011 : 109515000 908997954 0 0 0 0 0 0 0 
_1.ptx 1012 : 109515000 1287763255 0 0 0 0 0 0 0 
_1.ptx 1013 : 109515000 908561763 0 0 0 0 0 0 0 
_1.ptx 1014 : 109515000 0 0 0 0 0 0 0 0 
_1.ptx 1015 : 109515000 0 0 0 0 0 0 0 0 
_1.ptx 1016 : 109515000 1941563928 0 0 0 0 0 0 0 
_1.ptx 1017 : 109515000 1475255602 0 0 0 0 0 0 0 
_1.ptx 1018 : 109515000 1276146301 0 0 0 0 0 0 0 
_1.ptx 1019 : 109515000 1195443056 0 0 0 0 0 0 0 
_1.ptx 1020 : 109515000 1478681559 0 0 0 0 0 0 0 
_1.ptx 1021 : 109515000 1271425974 0 0 0 0 0 0 0 
_1.ptx 1022 : 109515000 925972902 0 0 0 0 0 0 0 
_1.ptx 1023 : 109515000 1232581790 0 0 0 0 0 0 0 
_1.ptx 1024 : 109515000 1217035186 0 0 0 0 0 0 0 
_1.ptx 1025 : 109515000 1207764451 0 0 0 0 0 0 0 
_1.ptx 1026 : 109515000 839573631 0 0 0 0 0 0 0 
_1.ptx 1027 : 730100 5848080 0 0 0 0 0 0 0 
_1.ptx 1028 : 730100 6064469 0 0 0 0 0 0 0 
_1.ptx 1029 : 730100 5611426 0 0 0 0 0 0 0 
_1.ptx 1030 : 730100 0 0 0 0 0 0 0 0 
_1.ptx 1031 : 730100 0 0 0 0 0 0 0 0 
_1.ptx 1032 : 730100 5127890 0 0 0 0 0 0 0 
_1.ptx 1033 : 730100 12177806 0 0 0 0 0 0 0 
_1.ptx 1034 : 730100 5755059 0 0 0 0 0 0 0 
_1.ptx 1035 : 730100 8584310 0 0 0 0 0 0 0 
_1.ptx 1036 : 730100 5370877 0 0 0 0 0 0 0 
_1.ptx 1037 : 730100 0 0 0 0 0 0 0 0 
_1.ptx 1038 : 730100 0 0 0 0 0 0 0 0 
_1.ptx 1039 : 730100 12686666 0 0 0 0 0 0 0 
_1.ptx 1040 : 730100 8592477 0 0 0 0 0 0 0 
_1.ptx 1041 : 730100 5995567 0 0 0 0 0 0 0 
_1.ptx 1042 : 730100 8779180 0 0 0 0 0 0 0 
_1.ptx 1043 : 730100 0 0 0 0 0 0 0 0 
_1.ptx 1044 : 730100 0 0 0 0 0 0 0 0 
_1.ptx 1045 : 730100 12171043 0 0 0 0 0 0 0 
_1.ptx 1046 : 730100 8614538 0 0 0 0 0 0 0 
_1.ptx 1047 : 730100 6493608 0 0 0 0 0 0 0 
_1.ptx 1048 : 730100 1881546 0 0 0 0 0 0 0 
_1.ptx 1049 : 730100 8027446 0 0 0 0 0 0 0 
_1.ptx 1050 : 730100 5765510 0 0 0 0 0 0 0 
_1.ptx 1051 : 730100 7877895 0 0 0 0 0 0 0 
_1.ptx 1052 : 730100 4347421 0 0 0 0 0 0 0 
_1.ptx 1053 : 104300 5213021 0 3576 3576 0 0 0 0 
_1.ptx 1054 : 104300 1370524 0 0 0 0 0 0 0 
_1.ptx 1055 : 104300 1560396 0 0 0 0 0 0 0 
_1.ptx 1056 : 104300 827819 0 0 0 0 0 0 0 
_1.ptx 1057 : 104300 1566437 0 0 0 0 0 0 0 
_1.ptx 1058 : 104300 1200787 0 0 0 0 0 0 0 
_1.ptx 1059 : 104300 833184 0 0 0 0 0 0 0 
_1.ptx 1060 : 104300 1117997 0 0 0 0 0 0 0 
_1.ptx 1061 : 104300 1111659 0 0 0 0 0 0 0 
_1.ptx 1062 : 104300 5163939 325536 0 0 6721 3576 0 0 
_1.ptx 1064 : 104300 704220 0 0 0 0 0 0 0 
_1.ptx 811 : 140096 982080 0 0 0 0 0 0 0 
_1.ptx 812 : 140096 1096320 0 0 0 0 0 0 0 
_1.ptx 813 : 140096 1772528 0 0 0 0 0 0 0 
_1.ptx 814 : 140096 1576128 0 4776 4776 0 0 0 0 
_1.ptx 815 : 140096 1146240 0 0 0 0 0 0 0 
_1.ptx 816 : 140096 1020736 0 0 0 0 0 0 0 
_1.ptx 817 : 140096 1118128 0 0 0 0 0 0 0 
